3846
15657
13519
6558
6137
4877
8789
13968
777
6217
15895
15738
1751
5471
7383
12974
3836
8444
13639
2511
7309
5863
1090
1299
5669
3581
2081
3613
12446
3588
5603
15546
13573
337
2762
6478
14672
8423
9944
5041
4014
5677
10340
15276
15787
4220
590
1550
2711
3089
15957
15955
7909
9503
14597
3782
11364
9903
5122
843
8155
6393
9771
11235
2066
1215
8198
9381
13060
7432
15964
5952
12484
3990
13518
1543
3780
5849
11546
4744
10855
12895
5232
8502
9150
6853
13126
4446
3868
7437
7914
1114
13655
5502
6575
14769
492
1952
8012
8782
13377
4710
7412
9306
8815
24
10200
1245
14994
10962
14634
13263
6948
887
10685
9887
860
13298
10024
6468
9073
1373
9545
9090
15273
3116
15027
12223
15675
4975
12150
10229
2953
379
13237
10571
9043
5579
5733
8845
10821
7769
14565
6524
15086
13429
13175
5572
8123
10358
13155
11830
540
2901
10061
5382
7975
14359
11102
6829
2610
1620
7077
15698
9383
10520
12036
969
12130
518
11803
3953
2802
7721
4642
10546
15293
8364
3968
3141
14298
14333
8169
218
11013
2347
14231
13946
7379
8920
15999
14866
979
10270
553
11979
9545
9811
13326
12370
1480
3917
4204
4717
2639
5149
9026
15843
2038
7152
15504
6689
38
4940
9764
7906
7932
10318
7315
13472
1774
687
12406
1554
3667
6500
6388
11068
2617
6167
14803
6177
14453
5201
12602
13217
8210
4913
1002
11310
14750
11015
12160
11211
2299
1953
4953
2652
12955
6843
14824
12773
4133
13395
8771
12939
5278
1213
1217
14557
7089
7384
11614
6224
7880
11283
6296
12848
9587
6032
1243
6120
12335
1076
9018
995
1359
1848
12330
2585
1468
6508
6291
2176
12130
2262
11561
7790
6647
10784
13260
14028
13782
7776
9616
11658
15582
1710
7994
1716
15051
5332
4079
7609
7690
6496
2627
10
3835
14440
1335
7096
14103
15603
11034
4915
4156
3632
1532
13485
7363
15200
7089
11437
6861
10818
10648
9837
5882
15800
3568
14031
1107
5086
3758
3168
14221
621
1773
14302
1696
7522
7521
11731
254
9258
13925
4520
3333
613
9992
13902
2276
199
12393
11513
4854
7785
1793
9218
15122
3780
15825
1490
10498
8649
8715
10137
12355
9118
14241
10377
15280
15512
11815
11079
1591
8585
15148
4207
1532
722
7070
1311
14020
3410
745
2141
9664
8395
12643
12244
13179
1934
6273
6674
14225
4105
11838
1690
58
14115
5584
9598
12311
12088
15792
5663
3578
1823
13974
10268
15386
5520
1978
267
1523
4500
6368
2756
7585
11447
566
8241
12982
7737
4885
4437
1558
15907
12730
12731
15351
6347
5884
10571
6909
10830
8933
12833
14984
13470
12521
3464
2307
258
3278
15493
12528
11304
10898
4736
6322
11462
11974
2305
8024
2999
3865
3294
10056
512
11979
9780
2826
9291
12524
11541
2613
9861
3893
1654
7406
1431
7519
10415
4502
11513
15150
15781
4102
5977
8153
11789
12001
9327
11584
193
9879
13004
15412
6816
15577
2029
9421
4869
4157
11310
8947
4777
3392
4490
11768
7797
2777
14156
2079
2990
8987
8833
5652
1873
3158
7125
8895
4342
10188
10929
3686
13213
9721
9652
5491
11017
2301
7853
6406
13426
623
13792
3427
6965
12663
3847
5359
12430
4886
15779
5458
9696
3607
2374
6992
14358
14967
7951
1598
3939
14902
13804
13409
3116
7834
10598
7590
5747
4737
311
12064
171
15617
3290
7830
13600
4303
3528
14439
1111
14895
3262
4821
7072
5044
541
11788
1559
15676
14397
13214
13623
9635
13770
7985
6988
15132
6394
494
12081
9747
12300
5569
5005
13165
7666
4383
5374
9669
10236
1018
10674
2849
15532
5012
7077
10840
3634
1339
11427
12819
7277
13937
10333
4363
15572
14019
10135
10673
3630
14047
11710
6557
10927
14410
899
8443
12227
12440
6569
612
6418
10608
4122
11196
2626
8316
4484
3408
1479
9886
3426
13839
4428
1970
5291
563
15521
14746
14980
15175
8072
14917
8334
8771
9152
4648
11787
6288
7869
15243
3447
490
14910
7488
5519
6302
2826
14226
8264
6050
7077
881
432
14598
14840
12289
12395
8231
4136
11306
1949
8530
11806
4361
13047
392
5426
15189
10455
7717
11217
2694
10637
7189
7573
1973
14878
5966
3807
7206
12984
14972
14242
3250
4616
7898
12807
1410
4608
2896
4783
8005
6367
11323
377
7995
1733
13833
7334
8047
12433
4443
8764
2116
13533
134
9938
5676
7055
2936
15768
12462
6194
15299
7238
11659
13338
11991
12059
8154
2348
14632
4316
1580
7341
10344
11929
5553
4456
3936
11234
10610
13885
9388
1015
1019
10678
15306
1844
6775
14634
4424
4582
11702
11817
1091
6427
2783
7036
7099
15907
14415
5882
13081
15719
6467
12658
105
8346
8661
6848
13983
1897
5902
13497
11201
2623
1869
12158
259
14079
13278
6825
11622
4931
6905
9541
15360
5902
3567
5121
3927
3384
1919
11712
4462
745
4063
3670
12357
6393
14593
15501
9718
4151
2856
6374
12773
14533
850
9990
9132
5021
4292
12348
3219
13449
8087
2211
2083
11133
3494
13862
4179
15382
12999
970
4591
4557
7998
12190
5604
4858
12045
15358
5357
10517
14574
13923
9752
122
2629
517
1670
13278
13284
6327
2912
13862
9063
7216
14220
605
14851
10279
13075
4797
7353
11805
15894
6370
5393
9376
14620
11690
6895
11102
1605
8855
8592
5750
5059
9339
7128
10793
14235
10331
7347
9181
6928
6126
15217
3882
9727
3460
8992
10035
7867
10667
10813
7775
8423
14088
14132
6628
15962
11140
3972
8551
7676
13998
5151
1547
11403
2847
282
980
14824
13171
10469
13512
11536
7574
11264
12863
3575
5135
609
11323
6352
314
12109
6241
874
2950
124
475
5488
14904
8820
41
3301
7398
3456
984
9798
160
12808
10731
2084
8941
6797
10999
12563
10050
13017
3530
15764
1007
7991
6762
11390
3482
7638
2751
1599
2166
6568
1467
15873
5261
1465
1826
751
8767
7949
13597
8078
7789
6971
5589
12327
11580
7902
7286
8909
5053
11155
13363
7336
6029
1294
15282
7416
10481
2224
11436
1624
9560
15222
3066
10122
10216
10177
15461
14846
7711
10567
12684
7413
15379
7349
15370
2546
10457
12044
8873
10064
12877
14985
15340
12395
4376
14805
6019
8962
2326
13890
13397
3663
6209
3668
2533
3089
6637
13241
9195
4977
11379
9014
5192
4823
11849
11599
4559
9433
3018
15440
14008
15623
3753
4209
13331
2122
15078
7209
2202
1167
878
2619
5100
7138
7086
6573
9825
10989
3400
4718
15364
13117
98
13020
9606
15694
5536
1222
2698
8390
15421
11527
7577
14802
14985
12689
13483
8787
1668
13853
13046
12295
10983
11120
2761
13188
3698
4960
12479
4918
527
215
7777
1839
15015
6615
5843
4297
332
4329
14778
547
15184
10230
7992
5953
97
8215
15618
13769
9820
15011
1644
14251
14616
5598
2742
1687
6729
11472
8507
12362
326
14645
7112
330
9740
10388
1142
10299
7829
2405
15628
7780
3816
13227
6088
4079
1969
269
8615
15566
4988
153
852
3093
1019
8512
9938
8265
12678
15638
11286
14721
6535
11998
14303
14407
9982
3753
3952
7281
15453
1080
12307
7723
1467
9211
4007
4353
9979
7788
1810
5820
2048
4209
9186
3553
840
11349
6170
13316
6502
13135
10447
8818
11458
3103
11930
4534
5194
11220
1828
5254
6613
8886
14495
785
3563
5163
10091
13628
13145
14936
12378
13321
6939
3830
2710
13551
12279
3383
2573
11016
257
7060
767
8417
3111
3396
1613
11837
4212
654
7315
13173
833
4031
8880
1164
5446
13610
5774
5958
9263
10862
8729
8032
10304
9664
14925
706
11225
4445
15989
2342
11734
13190
15059
1741
8356
10685
13401
118
14893
9545
11842
5454
1900
1160
1555
15868
15019
11896
12471
10112
2050
1472
1898
1101
1127
2609
12662
14859
13395
5685
1357
8083
15106
5249
1063
8981
12048
2914
7160
5874
11763
3272
7616
4489
14000
10121
403
11723
5384
1445
2469
9086
2282
9192
12933
4876
380
2090
15972
583
12480
10341
12102
5859
7565
8179
6335
15820
8172
3931
1968
4308
3647
9368
13504
7161
13860
14733
1490
14395
15483
7027
5818
3624
938
12731
12287
12920
2657
10317
14015
13700
2278
14503
12528
15134
15961
3395
15142
6942
6985
9251
1504
3349
9320
15788
8932
11363
6890
3547
11456
3402
14737
23
13222
15732
10339
2854
7212
31
1821
8555
12955
9800
2844
7878
14209
10234
11449
14060
13347
3550
14155
11825
3437
13665
5140
1172
15773
14508
7320
4618
9903
3130
11690
1694
10928
190
13286
10139
5144
6252
4637
5385
7844
4751
10622
10556
8375
13361
4121
2349
9304
8884
13905
15803
12818
6680
4694
1112
8234
48
6344
12265
11790
1851
6647
14443
3618
73
12205
8748
13096
890
421
8977
6519
15219
591
1778
14308
15610
13654
10709
10747
5733
4149
6299
11471
4589
14433
2417
2752
7992
8262
13838
5819
2737
12315
5079
9300
2264
2287
191
9051
6532
14675
3346
9489
3180
12403
12697
3732
13982
11947
3131
5678
5951
3636
3161
11384
14372
9320
1380
7881
1415
6615
4488
8831
14873
14445
4091
10195
4969
12624
5093
13348
3059
6728
8628
9826
441
525
15149
5197
4402
13763
14412
11263
7974
15091
6731
97
13814
8463
2042
10184
8980
12329
5924
12189
278
470
903
3635
9233
7356
10956
4076
11660
11379
1335
13057
13150
8380
6413
4481
10736
11366
15423
14719
6337
8351
11615
2095
5516
10762
2457
12125
15452
5857
9189
12176
917
8150
3146
8946
14458
14808
3928
12465
6853
12538
14632
13054
10315
10485
1982
8970
5802
9168
6374
14206
5185
3513
8446
199
10914
14544
961
9956
209
5318
1417
12383
13717
2208
3924
14343
1914
4629
4571
14273
8495
12861
2591
3923
12317
14594
324
4054
12390
14366
2076
15715
3795
14068
5649
4954
4291
9208
6435
7611
11766
10637
12602
14097
13583
10972
1076
7818
2258
8938
11618
1181
1801
11398
12466
11897
7429
7838
15651
9518
275
15580
5212
1963
2085
10044
7212
22
10798
2863
4569
2594
6282
15686
6365
10697
12414
11017
4444
12033
7052
7458
13747
8181
5359
1230
8954
3227
329
2867
2684
11930
11233
13499
15601
1281
10134
13148
10445
3574
463
5971
8132
7873
10082
8425
14716
2038
10120
7805
15139
11210
12271
8665
5343
966
15145
3109
6460
4068
616
7987
9416
13032
59
7519
11461
503
13696
3904
7749
5674
10213
2986
15235
13767
14170
7044
4825
12847
13633
8326
8804
10021
1826
6919
6265
7324
537
7099
13366
376
15327
1305
13881
2134
15580
2382
14678
5860
7717
8798
8380
5679
13885
7994
3597
1839
745
4101
5782
3113
11926
13736
2882
478
15077
7611
5610
12525
335
14220
12295
1794
13452
4866
4918
12499
1670
2821
69
11871
1848
15412
217
5621
4243
12354
8808
10786
5714
10664
15365
6475
3032
2
15883
12826
10346
8304
5479
2712
14773
2081
8375
13545
6448
2795
2937
5740
2269
12195
650
6228
13963
3570
11527
7603
14995
341
14602
14327
9214
8451
6807
614
9051
14538
14644
10431
4437
15868
4744
12296
13536
6531
1506
12320
4757
7440
4684
205
2396
3134
8900
10693
3675
12478
727
15189
2807
783
7114
11101
6121
1972
3559
5644
15173
4850
9602
12672
8149
3626
2812
15340
11776
15290
10627
6172
10319
1507
12008
11372
13164
4180
10027
13985
1848
3861
6156
6791
5320
14705
1151
6548
570
10667
14059
10502
8690
3173
10053
13831
13793
494
7392
12955
6125
9596
5980
2406
13092
12207
624
12234
799
14422
3232
4673
4117
1108
11835
9065
15163
10967
6455
14807
4468
1052
2492
15339
6014
11113
15422
1986
2706
8119
14259
12688
10716
9841
5375
11467
7562
13393
4883
9698
11652
2143
10980
8064
12402
8411
9234
14298
1973
5905
13972
602
8010
14852
7563
13911
3691
290
10527
13896
4768
2022
7023
11913
1190
13216
14456
6831
13263
7700
14532
12967
13216
3458
12260
15096
421
13904
15041
13798
2406
2973
2113
1138
2198
13146
9257
11970
13416
12975
12843
1900
1917
736
8888
1222
6723
15349
2970
901
3291
687
3485
5936
11144
955
7851
11226
11211
12806
12924
3288
6155
384
11023
11984
5352
12511
7605
1651
5050
10730
11773
8798
11666
10950
10426
3816
14031
3946
13026
12890
12819
10979
10585
3583
10261
14334
9591
9324
2638
2561
11295
8294
5966
2747
12845
4971
13626
1154
9455
3868
13636
15054
7907
10750
14614
8648
13335
6893
3392
4431
15368
8715
11614
4405
371
353
11579
3049
1641
6561
917
13977
9083
1537
3652
4713
9988
14079
3527
3061
3228
2701
10412
12019
8291
4161
13970
4250
14212
9044
4659
1590
9635
4892
4552
8140
15844
2559
13317
12950
1750
9300
2126
2369
13491
323
4111
10610
9388
1325
2430
2132
1696
11789
1832
4912
9693
575
3059
15749
8311
7638
13277
9206
629
417
8132
4846
15232
762
15915
6922
14521
13987
5719
14698
13768
7932
13339
10088
779
14662
3090
14324
8735
716
4573
6874
1868
9564
845
13859
13314
6215
6298
15705
10581
8666
14995
6810
755
10170
15047
3524
4676
8044
4047
8714
6970
7012
8447
5758
2955
13860
10160
3792
6099
1409
8561
5544
6823
9620
11443
15150
1095
9877
10397
13792
15413
13279
10438
6090
7392
3024
14639
11634
2323
6753
7869
12091
11729
4968
7676
12832
2036
4402
10709
11028
8185
10521
7977
11698
10083
3042
3637
3189
9486
8680
13885
2097
13011
8055
8928
8649
15646
4989
11884
1085
4222
14156
11870
13575
6018
3351
415
14764
5737
15376
12734
13005
8794
7829
4280
15888
7957
10832
6391
13682
2040
13019
10730
6809
15484
8841
14621
8501
12310
3548
2260
5309
7048
3937
12176
2120
12914
3251
9212
2892
5627
1360
7675
11312
11900
10617
13218
13085
10804
7582
371
15617
3801
13027
567
11323
13430
5422
1872
13849
7230
4387
4539
3976
12658
316
11870
10028
14369
14688
11794
4077
7402
4317
936
12299
2416
4072
11846
15318
2296
4365
5456
4398
1068
5956
8717
1877
8207
13411
11759
13224
6077
11791
9812
1635
5358
2943
14506
93
12968
6000
11080
343
1145
15485
14393
11218
958
3674
1539
4316
14689
7626
12255
2992
5157
11578
14203
1194
191
2142
12591
9632
3105
13032
14495
14354
13167
11783
5626
12741
1702
1234
13199
12521
15596
1268
12919
12360
10611
9585
11012
147
81
14073
13622
3068
8173
11566
9762
10119
13050
2560
4428
10687
9920
14758
9353
12361
13082
8008
2277
13166
1730
5541
9503
11885
414
13122
10889
5199
15696
13039
7333
5860
9686
9569
8175
6134
6771
4891
1865
1268
10003
11111
15593
6756
8249
3390
4510
10688
348
2893
10524
14478
8144
14559
10584
11796
443
13454
6706
8529
533
6735
2935
4126
9093
4019
7805
4683
13922
3211
14729
12658
6086
9630
7193
1098
2699
5503
10466
3804
13716
10697
2967
12837
3737
11811
4290
3343
13982
9505
1306
6611
4211
15228
6641
5876
1535
6262
1199
15329
10682
14260
2336
5356
8423
5238
5629
12008
13528
8225
7116
262
4715
9563
12256
6598
8767
2092
13738
6980
15045
15244
4685
1306
3346
1316
10669
6945
11153
2965
1351
3953
13951
13240
4446
13116
8487
10226
15114
14951
9407
11625
12760
13339
14917
2403
4607
3450
6723
859
15335
170
11628
1260
14405
4222
6857
433
13656
12711
6263
5508
1077
6837
4249
14213
2612
8019
10366
9951
14192
709
4188
5100
13121
7673
5199
1789
13319
15555
2089
11625
4787
9025
11978
8648
14115
848
10722
3041
15667
2733
2621
4880
12536
15809
1469
1488
4200
10118
15030
14722
4245
5519
13670
11773
6364
9908
9010
2848
4285
10693
2115
7344
3121
11945
10856
10904
8065
14703
4749
1018
1218
11399
10689
10566
14738
11384
654
9015
2401
9072
8596
3693
14019
1212
362
8875
4106
15332
1641
8146
1514
11397
2575
11808
2695
7259
11801
3815
11622
15469
15341
6048
6283
4558
2899
13438
1067
15901
7755
11773
4244
1791
2594
756
12132
13358
14251
12143
4436
10517
13484
8585
8643
6099
9540
9033
13217
4870
5399
3348
13784
7135
8259
8018
13317
165
12921
647
14792
6668
15400
13164
14620
2076
14230
10426
15591
3402
1565
4206
927
15962
7303
288
14451
8267
1136
652
15761
5888
15546
15540
7699
8139
3392
1398
10268
923
14927
6515
12583
9099
14659
8401
8289
6261
2658
5736
10313
10807
1543
10979
11656
4732
15494
5494
2379
7546
5319
3306
781
2276
5716
10392
9178
3505
1519
15642
5594
10920
14858
7419
4028
1857
10810
15896
1901
10848
1239
126
3632
11196
11197
6051
214
1101
9357
1447
12043
4902
5630
2031
10124
12491
13224
11756
15210
12988
11075
5573
15276
8273
1688
12691
3151
1992
11104
660
2010
2155
13808
11333
821
2487
14077
11075
8728
7187
12358
13286
12749
3757
10970
3652
7053
9119
15495
15228
14481
3208
14918
1774
5837
1766
14689
15502
15920
10086
530
9681
5088
13951
10944
13286
1607
15043
13039
8161
6872
13599
9394
2936
5010
5134
1360
14174
6257
10524
8325
6039
1885
11800
5095
8980
1357
11491
6701
11753
15771
7389
1583
7326
1543
13102
10230
3989
683
13802
3013
268
883
14075
4060
1999
14062
6798
5708
4171
15866
482
8151
12942
13044
3545
5606
4467
2486
5491
15393
6970
3118
4963
10026
2724
15735
13204
522
13417
8227
12425
11760
11589
2580
8122
15916
8645
7378
6392
7575
6176
15471
11822
10315
6107
2822
2519
3170
4447
5462
397
2529
11189
4873
819
14660
5160
5988
232
14212
3407
10417
15436
648
11948
2374
7656
1751
502
8184
8582
14942
8074
2136
6071
15328
7008
15838
4226
9991
6451
9127
6073
1237
5851
13956
5063
5086
15466
8609
6173
11498
11546
13945
12357
9410
5184
10290
15646
4845
15546
4976
4196
5973
10489
8414
13091
11137
10318
8988
3745
2524
15726
9941
6251
11271
10692
12817
5032
15473
5408
13903
10674
8646
11062
14534
7856
913
9549
4979
8752
4243
12993
9036
1366
6781
8179
12366
2721
7394
5795
13952
11866
8239
11624
999
7178
10281
10629
946
14434
12320
13083
6188
6677
2255
14716
1456
7884
13923
10092
14732
3964
8014
10188
3943
12664
13196
7425
11571
416
9713
4174
15718
11235
4389
13992
7044
10251
1071
14659
10394
14494
10227
2302
7811
6062
9525
6692
14041
9813
15870
11055
10500
1248
6518
15497
11095
14250
12527
15420
5147
14891
13947
3060
11092
12490
12775
9562
11488
4661
14873
6741
13283
11090
15657
13986
15164
1286
524
6487
10200
12584
15617
12259
10907
10180
9672
13198
15220
5006
9332
1659
11764
1758
4443
4816
7216
2404
6509
10342
15420
12032
6608
12692
9327
15895
6701
1557
2697
11027
10447
8803
10935
14839
4219
5497
15265
593
8218
371
5894
5681
7180
7335
11658
7168
4313
6455
8082
8026
12784
4009
4630
7064
10152
11077
5342
15517
12849
6323
10938
1820
15890
7436
8859
1068
11694
6927
4592
1212
2985
11785
7055
14029
10417
2724
4651
11453
1701
9529
5052
4823
11634
4296
618
2169
9604
8097
14767
8641
6746
876
14506
5702
7110
7167
8708
11748
7789
13455
10626
10299
6155
4798
14520
11951
13935
4578
8162
764
8045
2022
3366
4815
14708
9386
3612
8119
6548
4482
13177
15170
7969
8476
2126
1850
291
7656
7859
9480
14740
11136
12839
6292
14530
4236
1502
8633
12932
5515
11227
10713
8343
8238
4666
4721
4025
12298
3584
14677
11320
14382
9799
9362
14782
2447
12647
10223
5815
7325
12844
5135
46
3556
15457
10443
2801
11293
8119
7693
684
3410
12512
14015
11422
14695
9505
2100
2749
15284
11268
7246
6278
8256
11025
974
3911
1562
15054
13199
518
11256
11868
11993
13225
12225
472
9465
804
12416
10919
10314
2305
2785
14327
4127
8200
12010
7866
15485
5950
214
13168
3506
9059
3763
3935
8403
14302
9441
488
9224
15966
11080
15322
3881
6589
973
12659
10165
14796
8198
4389
6390
516
4202
4645
2887
13953
8798
5678
12533
11368
14969
10582
14054
11852
652
7803
3824
10891
5935
14260
6441
6714
864
4299
5316
12002
12331
8592
2090
715
14269
6473
1662
9410
13650
7118
8158
2580
1554
7328
2159
6186
7832
14614
7046
4661
15655
1620
6332
8369
6518
15863
4341
10571
13005
11112
9645
1651
3930
13657
4166
1446
2186
4087
865
8215
7938
7088
9468
4872
12550
2182
2676
5785
1878
13189
4839
2569
9377
15607
3084
6946
13681
14994
11399
8873
14122
11806
13187
8808
8887
11072
3339
88
4321
14634
10862
7066
86
9607
7648
2772
3721
3096
13941
519
1364
6069
8627
13007
9183
2730
2437
12118
4320
3564
2714
14739
12940
14678
5371
12598
12198
10900
9214
1220
14757
7522
15789
4763
12711
5452
6475
3643
2558
8933
9493
2476
14121
11871
7086
7018
12092
2216
11088
10433
1126
3718
9650
5344
12189
8788
10879
2764
7126
11063
697
4163
6174
5677
4194
14541
7426
5138
8312
6538
8001
3081
12692
245
13945
15079
5015
6520
3670
3070
15222
13255
3977
7847
5478
2180
12490
12478
7785
431
7595
10361
4638
12252
14742
15061
176
13836
10224
12936
13749
4457
12323
3965
860
13680
2983
13062
7971
15577
12914
3588
13641
8532
5328
2606
3018
11326
4243
13886
9695
2874
577
9487
2465
14094
5010
6185
2531
10047
869
4890
9243
6620
11029
7564
5425
8667
14131
3089
10916
3661
11148
10876
6914
12559
9603
12930
12275
15710
11526
11463
7893
12283
14486
39
831
842
10800
11627
7886
14307
14290
6827
6758
731
737
13929
8058
7891
5419
5344
6854
4917
6912
12363
6515
13744
8582
6046
2083
3374
11976
10485
13472
4528
15567
5541
10254
3451
8091
3546
5844
3244
5969
380
7408
15239
13079
9694
814
13598
14404
9943
15474
13431
851
15316
15960
377
8796
7492
9744
15744
4687
7575
7485
13923
287
14455
11752
5954
15919
15198
10122
12748
9333
8998
1096
9610
8583
2595
2274
14364
12559
7948
3788
10495
8609
10360
15953
8391
14916
13133
14671
7893
2097
11212
7078
13997
11723
13198
7490
6719
9257
10452
13695
11737
9144
11964
2153
8590
14569
11987
13687
11859
3666
10385
2772
11872
7717
2989
1524
13131
1143
1174
8027
803
9879
2252
7634
10253
15958
7156
11419
3720
11916
13307
11933
3923
10889
6409
8982
468
11036
15353
11105
3613
14205
7255
4010
7061
484
1081
7170
1116
14597
12178
2363
13640
10832
10439
8913
8937
6468
13704
11913
15798
1428
1403
13744
5577
2170
9330
15696
15347
12556
10827
5531
1780
7744
10557
4331
14566
888
6421
7993
13810
10712
9080
13265
8
773
2924
13194
5806
511
11214
2416
11932
9939
11543
8713
11295
14100
15606
11761
15405
10163
3707
11054
7909
11331
5296
6450
13155
9468
10207
847
3383
12624
13203
12989
12226
12425
779
11411
10889
7522
4080
77
4502
5102
9203
2244
11763
10686
8008
1635
13163
13241
12969
992
7701
5885
503
7610
5134
8211
8572
9471
12479
2560
4275
103
1584
15308
7513
5300
13254
1502
11724
4392
2552
14963
2052
6699
15523
6223
3223
12407
1750
15421
1784
12031
1783
12586
4250
8222
3605
7447
6099
13637
5979
9233
442
9129
6614
11633
5589
1536
13776
9405
13621
7847
1061
857
13463
4542
10738
10687
5862
9441
1168
12465
4033
12368
8469
7263
2664
8507
7738
737
7332
10284
10770
7228
14285
12183
9357
8189
4936
9873
13899
11536
10306
10556
6204
6293
12034
11475
10961
11123
14481
8015
12558
8161
14824
13852
6525
14789
6946
9133
14032
3763
12300
14662
3510
12396
12839
616
3621
8234
15470
13286
8405
5935
8396
6903
620
5849
5098
15582
8894
5034
15593
12962
8467
8212
13008
12121
9940
15470
8382
15859
15581
1220
22
1475
10390
5242
9601
6653
3256
7387
7603
6113
14178
12768
9604
8183
8678
14062
8245
468
14161
5775
13687
10310
7112
2125
3690
10744
2684
15435
1363
174
5343
9708
12033
10015
2905
2319
552
1034
6414
9519
4766
4191
6968
2724
3751
5240
5740
6316
2830
4401
15068
3943
1241
10923
6646
13105
752
1364
5480
9025
10398
7940
15403
619
15893
13309
5615
3613
172
2656
11815
14641
3916
11002
6161
5399
13787
15110
7429
3734
9497
7450
8370
12766
12737
2141
3423
7944
13360
11836
2566
9189
9130
29
238
3031
12704
15256
15913
7943
1452
215
7014
10797
12062
3811
3540
13688
803
3663
2894
2071
5687
14630
1041
5494
6680
15423
14266
2911
4490
14371
462
1868
3352
965
11986
2597
4626
7769
7792
339
3912
5842
8666
1955
6771
3807
8053
4177
13049
4239
4077
600
7158
15039
33
792
7611
5984
6730
13644
13432
13670
10737
391
6023
11566
11708
4435
14395
11917
3607
7445
13618
746
10794
7895
12690
6242
14579
9534
2946
294
2974
3008
9501
8998
6045
8126
12123
8438
9368
9039
10316
11072
4771
7862
283
5585
4654
4021
12834
11061
5841
12902
15195
12857
1049
4101
6057
10574
8692
2899
106
4035
12907
6282
13651
7196
11288
9159
10877
8439
1998
13141
10621
4690
523
15552
2469
10346
3531
10077
10372
15999
12876
4739
11844
6463
12980
9654
15222
6608
7428
10273
346
11066
1784
9602
7410
1826
1254
7138
14619
10321
1967
3037
1693
9554
9296
5292
1131
15390
11766
7463
8560
6107
6752
10769
5358
15852
6301
3118
1156
12635
8050
2911
2702
7025
5368
11231
14955
5728
8474
286
4192
12736
10420
2743
1260
1751
2506
3858
12045
13113
10776
4067
3582
2474
8937
9972
12136
10952
7151
2433
13974
5570
4813
1710
2445
10226
4544
9404
6359
15530
10290
7191
12555
4299
10560
5097
7949
10563
10440
13368
9234
11409
15227
1696
9778
1050
12088
7893
3199
6975
12365
4809
1443
15100
9732
9604
4101
6301
14577
7224
3105
10786
6621
199
2797
11227
1917
9649
3801
6612
1029
9667
3977
2306
4304
2969
7151
5781
11822
4028
8209
2052
9737
10608
5505
13817
13345
11949
6461
14836
2389
5546
11599
5120
5723
2803
6153
4977
6617
552
8784
1999
2611
8721
15830
14610
976
6202
4892
1753
10480
11214
15480
14879
2286
3246
10787
3364
13480
12919
7597
18
15814
15872
8690
5366
13959
15036
8021
5891
15639
8450
11314
10443
6694
9008
15638
10546
11263
4303
12886
12330
8889
15024
3994
14352
4522
13071
5119
8572
18
11893
13882
9270
12870
13239
11184
6704
13566
6857
13974
14833
3089
375
14765
11423
2727
1905
556
10398
15497
3663
1237
299
2133
1153
11422
13214
10711
9266
12049
11603
7664
15845
5002
11894
15023
5111
5357
7808
8414
11545
7780
12833
8460
13629
7987
14318
860
2085
9055
13148
11594
15042
7776
13003
11314
2814
14131
5692
15142
3730
15360
2090
12709
7740
14974
13715
8451
8271
8475
13981
9780
15092
9414
12725
14902
5683
3824
14550
10715
1899
11949
1118
14312
466
9580
11490
7323
8122
3209
5135
4390
14975
15584
15277
9794
14917
9159
15713
9314
13708
6307
12299
10107
9586
9077
2787
7485
12060
1626
1720
8146
9774
15401
12612
10525
112
6488
7648
14598
15489
473
5662
1585
4011
10518
14160
12680
5488
5277
8673
5014
3512
6641
14748
8773
2610
1208
6384
3463
4233
1766
3753
2010
12601
7945
10552
14483
7203
12616
13348
10896
13014
14488
11795
2675
6243
11740
15626
11010
12721
6429
3819
11464
3759
798
9368
9855
14626
6503
1607
6544
7509
8156
7037
8929
6125
7499
11127
15078
6896
3872
9585
7058
9872
584
8105
12693
11356
1125
12599
11076
7433
2104
3458
6353
13409
9152
11392
7897
372
1926
4917
13152
14925
2762
8564
57
13336
380
8422
7111
3171
13473
15615
2772
7708
867
12849
6021
7208
3358
12174
586
14386
5202
7621
10412
1189
2642
6389
9673
14246
14732
14779
6696
1134
4119
8068
11846
10859
12321
15071
10560
1727
7458
2103
10338
8024
241
7614
2659
11722
2455
13761
13426
8669
13044
8699
12678
2490
4288
9401
11954
11701
12476
7309
3831
4298
1849
4171
4810
3348
7488
10888
13840
12868
4208
254
2438
7570
10417
14953
4486
12774
6273
7225
6431
8094
4391
6091
11763
12252
2708
84
15272
6634
5031
15911
8727
3982
7175
10517
14292
5872
15491
7512
1073
10396
5957
6961
7899
13739
13933
4032
15529
8085
3028
7028
12144
9585
4459
8838
13116
9860
13633
5852
9688
8778
6603
6919
3335
11037
11436
11918
1229
14307
6404
5047
15351
6500
14311
5943
3457
15951
8168
8264
2228
1112
1811
10368
7587
9571
9934
10266
14289
4031
1420
13015
12557
13091
1748
15238
5651
1496
12604
4493
10920
11730
9780
703
2005
2646
1760
8887
1525
9049
5359
6954
1702
937
13104
7318
11025
12372
13987
14629
10206
1705
12575
9921
14292
9147
11387
11984
3981
14463
13799
7809
15787
10804
13663
1436
7867
8473
15199
4586
13959
4686
4615
2940
10011
10159
1294
10972
6731
10594
3291
3746
2424
12937
9259
2093
8132
10527
2821
122
7209
14006
9803
1017
2144
4174
11608
8589
537
675
11439
8081
3822
14719
15933
8227
2428
786
1189
11579
1751
1516
7038
3642
12404
11788
10810
15375
7905
8209
11748
2114
3061
11044
9580
7002
12962
14854
5696
6531
11649
13900
723
1802
1149
6597
8214
1639
5700
6120
14535
14689
6672
7485
5950
11192
2769
13213
15258
7070
5796
7962
12275
3551
370
13238
14786
4514
2634
6619
13546
3300
12138
11634
2245
8710
14715
6752
5278
2448
14313
8656
6530
3291
4385
4302
5298
4758
10580
9954
4839
5080
14111
7730
14940
12798
11344
10885
2291
4315
15742
6394
15336
11244
15502
1097
3663
9433
11800
15990
9882
4022
6762
7965
2341
15954
2854
13615
15920
6831
12590
9429
3511
11046
15045
11028
8721
12636
5830
14806
6687
1316
1821
6649
814
15659
9069
8130
4614
7411
13953
8882
11731
7463
13812
12590
11618
4968
11877
7311
7229
6673
2520
10625
10469
3492
10443
12331
3056
11899
13579
2236
14812
10721
2126
15784
4316
11429
1266
8085
231
2037
4760
1156
15499
11249
14767
3932
5012
2483
7855
7904
8237
14954
8317
985
1664
8963
11570
2466
9857
5118
6512
10718
8258
12165
4395
524
15782
11672
8879
4721
658
13793
1605
9084
8839
4872
13734
145
6688
2654
14556
926
4564
10396
1424
5301
15312
1165
876
9998
13526
157
8989
11988
9892
9853
9618
8307
7768
12376
324
1088
6568
1396
3444
12874
14406
14482
7888
12024
14841
7776
11885
11318
15460
2413
2045
10608
1418
12109
9760
2627
8969
1861
4069
13871
6368
707
6802
5675
14467
9038
2908
6422
4673
6933
6561
4063
1864
8525
7740
2896
6216
14427
8640
7823
14813
1750
12408
7065
11285
7248
8335
574
11615
15688
3779
6171
2646
10499
15734
8668
6721
1313
6099
15035
15246
1008
8342
4905
11907
15384
13400
12511
8616
3612
7289
3372
173
11125
2035
856
7033
4618
7198
1974
7428
7357
11380
6558
505
5997
5750
9209
11038
1643
12787
5202
15633
3877
15033
11763
12275
5021
10845
12934
1423
14897
4728
15479
1759
3870
9003
15075
11113
5982
3191
8265
2926
10483
3629
14460
13060
3104
10497
1497
8606
15908
14553
6057
11769
2593
5512
6498
13768
14618
4181
8432
12114
556
13048
14629
15484
2571
5214
14617
3823
11966
9167
5579
15194
14222
13049
958
3276
2997
6703
12401
14312
12061
2934
8482
1694
143
11053
3862
14259
6215
3914
11367
8773
3705
4302
4669
3961
1707
5655
11070
824
9205
7759
14135
1899
14910
6195
14670
2485
12271
4940
7846
15753
4768
689
7993
7070
4590
7087
6886
10715
350
3211
6088
4610
4452
3272
11199
13526
6294
5670
11606
6656
9476
5142
13625
3311
7701
5913
3646
8903
3077
387
11203
12256
53
1061
3638
12693
6216
976
14273
15209
5706
6167
12820
6473
10026
8231
9963
7250
10523
2223
3869
4253
12848
8802
610
312
14212
9613
9257
2142
5262
7602
1687
9891
7936
7049
882
6013
6659
11769
15788
10937
745
12072
11552
15368
4928
11709
3239
5956
12401
3162
8869
12459
6815
9297
1905
414
2161
7531
12087
9730
10512
3284
8738
4487
11073
10668
2501
4647
4054
5977
7646
8234
15351
3676
13933
14972
1065
9264
4231
9234
394
8485
9868
3541
1439
14029
11975
15777
1009
4996
5820
1621
8492
1035
2419
649
1397
8217
3470
7895
14176
13331
11907
8587
8470
3451
11159
12149
11895
12239
9457
456
8064
11608
13278
711
4493
5002
14323
13221
13599
694
11137
12716
10986
2135
11803
2771
4759
3544
5856
255
15581
6553
3864
4653
5752
5863
5865
1465
14562
536
7141
3793
12711
4629
1544
3634
599
12595
6878
12245
11797
935
13599
13378
37
14297
7362
10054
13570
15314
5706
6940
10742
9118
3433
276
1192
9634
14
13704
12044
7375
5606
1231
14016
3595
2039
13950
14368
1322
15391
11040
134
5917
1544
7942
8090
10442
11365
15521
3439
8271
15941
9394
11194
15022
10546
2498
6766
6007
2789
8386
3287
66
1659
13583
4677
13764
15952
784
1544
15602
14823
12504
3446
15996
7975
9238
10130
3456
4259
9033
1816
4504
13243
8805
10673
8546
8541
1580
10080
3013
10485
10279
5350
4766
987
9511
9055
14874
15182
14267
141
9520
14735
6263
10515
9946
12449
1102
11822
12963
11067
304
631
6717
949
13624
10257
4023
3549
3013
16000
5736
6397
9916
15542
11255
10546
10535
13809
14408
7226
15049
13585
597
4679
2679
1706
7227
6971
895
13658
4087
15775
13915
934
5489
11938
15077
15507
9603
3890
15536
12303
579
12710
12111
9569
9693
2951
8052
14542
8860
8069
11811
9856
3554
15589
6872
12613
6251
1883
14014
11088
6217
7724
8332
13539
6544
3526
14685
5606
11017
3461
11151
3311
7531
2395
8477
7664
15390
12866
12352
2437
12999
3079
10790
4628
75
9172
12731
9698
6648
3753
8411
14668
11775
15999
6923
15660
14012
12353
7774
2502
7347
1127
1141
15533
8430
7093
1934
740
1571
13395
9633
2902
13136
7891
1286
4406
8578
11298
933
9928
3532
13269
5108
10199
6981
3823
8970
7557
1701
9274
2997
46
2786
8109
4082
11307
7228
5009
3235
8520
12141
4475
3014
6206
4387
5304
9179
1672
13976
9390
4958
12422
1762
11126
12715
2865
6616
6943
685
9170
356
14253
13844
9135
2409
11381
1858
14440
14262
4802
15472
13684
6450
9264
9556
14123
15945
14168
10449
6024
13444
13816
5101
14085
2215
11921
13938
1375
12790
4025
2230
12766
12929
7248
6162
10852
11934
5054
11683
15848
2513
5478
6599
12008
12061
10532
13274
10571
12339
2274
8688
15314
2186
11280
2495
13254
8046
10039
4104
6108
9710
15041
6725
3577
13844
3107
9666
9603
9490
9770
2108
11198
11876
8275
13942
2504
9512
3052
2151
256
6701
11248
4617
6791
11199
2210
1118
1335
2956
9547
1672
1244
10439
11663
3273
439
259
2456
9461
10266
1384
91
5045
10545
1424
560
12721
13562
13087
1990
9159
3305
2034
13438
1599
12242
5039
10152
9814
6446
13456
10081
14746
14916
11669
7650
3968
4434
15338
10590
1550
15323
1863
11893
7777
3979
9675
7715
12557
5087
11575
7299
13269
5916
478
12808
15159
5132
7587
15156
310
13055
15135
12743
11598
7340
482
9243
10913
15533
15511
12362
4357
10004
882
13753
8973
11259
14855
5029
13996
14645
9040
4103
4472
10992
570
5826
6496
15742
7814
3173
13226
13624
2924
13983
7175
2964
13114
1550
3237
5232
13742
15078
10237
15430
15871
6339
14710
7458
7165
9590
1020
3599
5588
15094
4788
12783
14517
10356
12002
10315
13548
3439
12094
247
1362
3499
9621
2603
5729
2943
8110
5196
2795
15383
4994
1749
3496
13806
6480
12603
1049
175
1564
11253
14126
12920
13288
7529
9457
2548
4772
14193
13236
1872
13374
8292
14861
14118
2792
11584
1174
11444
15756
7899
10499
2155
7396
13281
15430
15180
9215
9312
3454
1139
8029
8990
1135
12575
3108
8097
12726
1729
127
14956
5717
2457
12470
4040
13974
15696
12766
7883
15753
3117
10474
15264
15012
11391
694
9655
6114
7753
3294
8439
2103
10306
13805
14415
7433
7790
2460
14627
13122
15292
5124
13568
1978
12639
9744
329
5657
5001
2368
10267
5987
14458
5647
11304
8091
9105
12131
14952
12526
10472
564
6715
5753
10862
5775
1494
936
7425
3655
5165
10174
3590
4073
15513
14927
716
8529
189
11536
3607
9676
6435
11382
4788
2765
2762
14353
2211
4464
14845
1945
7331
12353
12384
8467
3244
8844
6693
5433
11858
4112
10311
3406
8824
12054
9937
5156
1224
1153
8490
2175
11787
2542
13159
13198
10641
2433
15752
2542
9419
11474
1738
11717
6759
5487
10846
5875
9031
6442
15123
9342
9377
3379
15856
1599
15934
4432
789
6707
334
6946
15576
11339
14397
9109
12423
5206
154
3393
402
8797
4123
5487
7911
5021
9014
6307
14301
15442
14831
9049
10678
6483
8569
4145
13420
4064
9491
10371
9962
836
1236
2259
908
14260
6773
12321
3565
4463
3463
5535
11489
7915
5291
8886
14654
2633
9569
680
3383
4735
180
14706
14175
8838
10712
1255
7101
1901
2585
2353
4433
1782
13538
14482
4706
1903
8620
8444
11417
2071
7086
915
9086
12617
12360
1630
9416
10693
6509
14020
807
15684
1424
5532
13496
15323
2165
6731
8105
15269
5718
13690
3402
2529
14646
12056
11588
11233
1900
5580
2446
13947
12320
773
15198
813
8120
8764
14936
473
11916
3298
5005
4853
3613
12238
9728
545
14758
14782
1396
6647
15695
4041
13437
4573
11166
6489
14212
15476
725
10179
12894
7584
1626
2542
2404
6871
13610
15939
10393
4136
3262
9065
7770
7700
12395
6646
3305
3576
14184
2820
12331
6106
8510
929
15610
3690
8285
14374
915
10391
13247
1562
8920
8822
5027
8868
10499
8879
3008
929
538
6509
6798
7459
15893
2848
1900
6201
144
12714
389
482
1302
568
245
5256
4641
11698
15167
7402
11354
8531
7550
6428
6739
4609
10492
2628
11134
11912
14516
1142
8843
844
8949
6229
12808
4348
10635
6489
5793
14251
15964
2636
2377
3077
15951
12815
34
2224
6343
10381
4147
5510
9538
1378
4763
9770
6327
5941
454
7297
9260
9139
10634
585
15700
744
4228
13945
1375
13752
7566
13234
14532
14403
9941
14061
14546
7813
13225
4471
15100
11245
515
14271
12827
11424
15744
9770
11570
15183
15743
15879
6173
146
14239
7133
3987
14011
3790
9342
13050
1403
8684
10238
5141
4174
13335
2599
9702
8379
2716
8981
6872
3080
7920
7345
4636
4508
6909
3481
14380
4009
12061
7289
12888
11577
2120
13613
5091
12692
6692
468
12641
14541
2420
14125
8656
4619
3499
3686
2738
4085
9217
5402
12633
14129
11707
7125
11677
14017
4108
1949
10425
10361
14886
15204
8631
2541
4021
12640
25
3120
15336
9745
7064
6469
14232
10813
2147
9708
15610
11502
15507
9457
6792
8255
10284
13813
2744
4126
6046
9300
7948
15155
13273
3491
4756
619
11107
5362
14107
8081
10927
3309
4968
8348
15068
15209
3912
42
11282
3724
15725
4671
15290
9498
13990
6697
2046
14749
9066
7251
7115
10178
9938
10787
4789
10970
13908
7108
3395
9094
8102
14825
4448
2978
5319
475
11117
8016
11722
4135
14714
10282
15422
7533
3685
5193
995
14289
15851
2759
3508
2061
11417
13469
12627
5000
1515
9706
2916
91
8835
7039
12431
14545
7147
7560
10242
15614
1291
1894
4534
772
12477
1341
14435
11407
13499
15034
8760
10760
14729
14891
7354
9034
6545
3494
5747
13185
13071
12963
13339
14100
9923
256
1362
11467
877
6220
3359
8803
7166
12113
13973
3747
2371
2219
11302
11854
13636
533
151
15772
2205
13433
5973
1836
5036
14600
10351
4733
4537
1371
4355
47
15196
5086
6144
12133
14177
7872
3697
4900
5712
4725
6557
3739
8356
8614
2003
1949
9992
3734
3088
6689
3682
3926
12461
5585
2265
5670
14957
5801
6851
1946
13402
12483
2127
658
4151
9167
9667
1191
3331
6849
1182
13075
13836
9075
944
3613
14598
1541
6341
733
1682
338
3839
13186
7280
7116
2334
10644
11683
14079
7193
11103
824
871
8015
8412
4020
1043
15429
14634
5021
3943
5001
2323
10535
10498
13583
10713
3871
10521
1227
15190
7380
10779
16
7312
9901
13246
15964
5030
4394
13553
3381
1673
2506
4847
874
15611
6791
15848
4409
4450
15858
90
3657
9956
4694
13930
7057
6833
5968
14086
4856
11850
6103
11068
11606
5707
10443
1041
14383
422
4840
9273
14260
13917
14516
1487
10324
14856
3051
11048
1799
2699
12900
14080
10593
2304
3807
13239
9868
15332
9041
8008
11987
2053
5387
11023
13450
7093
1314
82
15221
15016
796
2117
14090
10546
9747
12573
6484
15606
6071
1255
4431
13266
8816
3852
10096
7057
963
15005
6633
11024
3886
11896
10820
9252
5525
10990
1221
15523
12853
2730
12397
123
8201
15558
14938
7730
6558
7858
6859
11688
8950
13989
168
7878
9523
2754
1189
9778
12989
3286
6470
5191
6582
6462
11888
6528
6705
7608
12817
6401
8968
6389
6010
10688
15303
14428
9074
2119
13413
4332
11233
816
9752
1451
7294
6120
7831
3815
13522
14421
10589
4380
3393
6603
5137
2791
948
2108
4154
3577
9756
8495
10777
11778
4231
11803
10798
3686
11351
13856
9520
9488
4559
8107
8649
12279
5904
15448
13079
8007
15259
11845
12484
11595
4696
2531
6124
3600
7872
876
3275
5419
2558
13955
253
9190
13192
9224
15967
3180
9606
5594
9477
586
11849
1595
9062
15323
1295
7207
4779
12512
975
333
7553
10014
15353
7764
5322
509
3536
1894
6790
9248
4145
4325
3859
761
14881
7887
8822
10417
15043
13511
3908
3920
13066
3746
6800
15403
11358
8645
2257
2987
3539
10102
8975
5259
10401
5621
10360
7304
8713
15914
5880
6535
3225
12561
4190
10734
13024
6422
12244
15326
4630
10323
104
2085
6015
14975
15202
13080
9967
6931
10290
13828
14011
3822
367
8255
7332
4973
3354
1202
14959
6894
7327
9871
5685
13048
15617
3728
2986
11668
10122
3022
11484
12307
2666
5238
9229
5164
14275
417
2370
1168
749
441
1529
5135
13927
8001
14486
5253
3549
12119
5511
13515
651
2735
15980
7611
3922
14999
9652
9194
11498
8577
11264
14307
14144
14370
4868
5173
15839
8749
8578
10411
10241
3501
1202
7162
4574
12331
15441
13473
5960
7935
12171
2695
9255
5257
6529
3537
1946
12710
1326
1808
6703
15779
4564
8758
7678
4565
13600
10356
4665
447
2761
5679
1747
13221
13998
13026
88
12681
5402
1241
4012
7759
198
15106
1563
15990
3096
11585
5221
4191
15614
4075
7501
3904
7298
8696
15638
8273
13499
82
11614
4682
632
5975
2264
13620
6638
367
15251
855
15593
9778
181
7192
13203
10689
14159
5666
14192
4
15617
2211
1322
8834
11227
14475
13098
10777
14266
10566
6933
9244
14781
1193
6841
2299
4444
14782
11482
1851
1988
5791
13647
2928
4634
3599
2034
6171
6934
10970
12456
12549
8981
11241
340
5714
931
14035
7696
10290
4315
8414
11453
11778
4634
50
14366
13665
239
9128
6425
13695
11507
6325
15997
12180
5870
9369
9669
8578
10218
8301
51
2496
2777
1717
13538
3646
13514
906
3323
4176
15690
9944
6688
181
5154
13424
7903
3114
2535
11679
6783
4176
8440
7958
12266
13679
9361
5183
8107
751
3928
15541
14052
6656
15726
310
14652
9382
3874
3959
13093
14039
4090
5706
13231
5019
2978
15346
3255
5733
6798
8320
1185
6149
8983
11620
5660
1243
194
9278
11259
10864
8705
5815
7841
3396
15449
8188
179
10009
1042
5377
13399
1166
7648
7942
15530
6452
8536
1480
10726
4670
4713
4071
3467
5562
15038
2440
9355
15382
5707
6716
15835
9939
5054
1265
8490
14647
14104
3285
11263
7465
12324
11422
6298
9541
3571
13849
784
9741
9194
4884
2509
3146
1824
11345
12558
9973
351
6506
14889
307
2134
10645
10242
5359
489
10806
6158
3926
8031
10563
15590
9056
11444
15200
5908
8859
8779
4845
1827
12772
6395
3775
12076
4475
7175
10220
8372
9064
12658
7634
12553
951
1245
15570
3467
10387
4666
3900
7482
2349
1389
282
1277
5968
10682
11429
12793
13544
8550
13835
22
9562
8799
9299
13571
12079
10951
8701
15699
3156
7817
12131
15785
11984
12984
2613
9970
1679
8533
316
12960
14644
1799
14260
10761
3789
9013
15200
8357
13764
1157
4476
8150
13786
13422
13292
13201
1501
14118
10989
12097
3728
7959
5565
9552
6826
12114
12783
6577
8802
15462
3900
14353
9175
3983
8144
2691
9016
8253
4745
1232
6446
14511
10445
13305
6281
6781
4048
623
8422
14064
5743
15780
5929
7619
9526
14749
2664
4853
239
5368
15746
12395
4337
12064
7946
9404
1672
5820
3579
1196
12206
13673
14291
14798
6700
3776
14571
2027
2085
337
12679
10240
6346
1511
13095
11883
14396
12587
1469
3517
9557
2571
10444
8984
14917
4537
4627
1910
8940
4892
3350
11754
10393
7944
12794
11124
8750
15949
4377
96
3909
15079
2276
13800
15175
12491
1265
14526
12108
981
15008
5161
4995
11446
6286
728
2304
13646
14562
7371
4670
6538
8664
11100
11558
8709
5251
4153
15920
9186
15134
2840
9781
5205
9403
13240
7860
4249
15698
12153
921
6945
13866
6219
7759
3184
3633
120
12298
2081
792
13323
6470
13161
6830
13806
10155
5427
5784
2749
6612
724
11509
14173
7482
90
6453
8044
1555
12536
15384
6340
10176
6978
8454
5143
13267
11790
3334
7780
11601
2744
12062
4604
1104
829
10650
1987
9606
2738
10350
12614
1580
12562
10913
13210
8078
5511
14031
14318
15202
5212
9564
9775
1070
11458
6030
9048
8420
2979
8241
3602
5585
12138
4846
3001
2757
13168
4934
13439
5070
10855
3762
12933
3183
6354
7018
11407
5687
11043
4978
10434
1794
10139
6244
8396
11414
9032
3712
12347
8859
3064
12727
5891
56
15757
5352
14882
3300
3247
9013
9779
2207
7957
2698
1010
2664
14295
9275
1704
5244
1446
4380
14674
8646
7069
12713
7536
405
11007
1496
11397
4238
7849
12198
6507
15019
1476
3549
14847
6556
15475
15258
4589
7940
2575
6723
8913
7404
2017
6426
7665
6266
4058
1587
6861
5654
15537
8052
2060
1389
3738
3269
7135
3487
7515
611
6001
6445
8943
11174
13360
2563
3488
11594
3553
9226
3986
1301
12110
8196
7477
14021
8614
6618
12186
10229
14010
5568
10753
15657
14507
6624
1021
5826
11722
4075
15516
3989
4758
35
6970
11751
393
9846
4038
8017
12600
3821
12604
12812
2114
14506
11846
13934
12782
10281
8493
4229
7962
12252
3487
3752
9230
51
4484
7884
11181
13283
5465
5936
14139
4989
14921
10608
5067
9675
10889
3105
2044
3040
14369
7567
15120
13741
6403
9878
6446
7113
8394
1821
15029
4950
11965
13903
2539
10056
15976
7102
12042
9459
12030
5153
7619
11767
4106
8888
15293
12335
12702
2542
2723
6530
11136
2823
4649
14512
15426
6924
3065
4619
11441
9565
5630
6554
5759
5536
838
6236
5959
1092
11975
3294
11818
12956
3932
9857
11170
13570
13411
15394
2930
9625
14143
13032
7070
5802
6186
13902
11076
11009
428
15712
4717
2360
11936
11871
13674
8451
6767
8166
13897
8436
6440
7081
271
6788
10204
9542
15482
3481
15831
13960
9705
3786
12616
3144
15033
4700
1820
732
8297
460
5789
2483
2227
3466
9506
15882
11643
7337
13346
6162
12649
13702
15319
7984
8555
15734
1101
3662
12529
11313
4674
14957
1732
3102
11401
6094
2978
11710
12890
10824
3700
13503
1010
15967
8288
8512
10934
14016
6614
6292
2109
14051
857
12461
1562
9299
12450
2044
13967
13385
11304
1639
7414
7383
6176
2816
12845
10497
4334
14035
4618
10269
14455
15785
7700
3902
916
9517
3483
6409
12444
1332
9250
13931
3337
12298
1827
11728
5239
2637
7963
9965
3698
8928
4515
579
6556
13850
12523
7128
8404
8899
2755
6691
9184
11883
12357
6504
15224
6903
2729
6173
13786
4912
3763
943
11474
5833
5119
14636
10602
2629
15209
517
1890
7560
1077
2495
4634
9320
7381
3682
14749
10570
6220
4514
2848
824
7511
4224
6805
9513
14203
3660
13983
10439
9578
31
7606
11736
11430
5320
3508
4838
7927
5774
15738
9843
6469
1952
6307
3053
7874
11545
11583
13371
15741
12227
11642
15600
4859
9520
7129
6624
15029
14730
6956
8790
7709
6709
9418
7737
14383
278
11097
7306
9576
9856
2169
8026
1979
2913
11494
4103
6106
4552
6160
6697
2495
5649
11879
6683
4409
2618
10929
7964
3563
5014
1099
8823
2389
11829
6334
11649
3869
10468
9582
814
1999
10039
10569
320
8446
14745
8031
7264
11974
9762
11171
10031
8748
7196
14889
1538
15621
15282
11593
7727
5040
10180
15161
13898
11212
14346
11904
6379
4690
10578
1130
2395
12558
6516
12177
4908
13906
14484
1558
3589
13306
10217
3125
15958
12497
9146
1904
12146
2546
10575
8556
589
1208
4201
14146
2389
11276
6081
8199
12945
7200
8292
14760
12851
13279
12163
5472
13962
1232
9105
1414
10902
4002
11709
12748
1182
4112
12903
6949
10511
8970
6629
2688
1724
7972
11617
9199
8201
1318
8489
6196
7490
13942
5554
15227
10269
15989
2306
13564
15662
11772
5782
10523
12318
175
1547
11371
5542
2972
8266
11734
4180
15549
12407
11690
6819
13034
15805
1497
13286
3862
1424
14175
2303
10293
11832
7919
11537
11461
12489
5588
4207
4991
2157
3286
10755
12292
7322
9318
7027
14110
4692
4545
3761
8953
15472
9475
4090
13534
15238
10139
4158
7353
15905
10105
2826
3102
13387
3743
9859
8549
233
14089
9832
10113
12606
3474
7451
5315
15670
14300
8791
4851
2562
11134
10433
7009
5749
13570
6299
9689
3760
8039
407
8304
6879
14036
679
15331
10538
4016
12269
13335
14809
418
4828
9760
2502
6117
479
6839
7045
9805
2168
13456
448
1608
7466
7837
3293
499
6764
2437
2843
5814
7219
9429
1993
4491
2667
4697
10926
5360
1149
12263
3000
12121
5550
3594
2484
15392
3265
11235
10475
1486
13692
5757
6376
9323
3733
6992
10054
1173
3384
11072
1857
11677
3887
5791
14351
14853
15803
10310
10780
8587
11746
7285
2863
8326
2438
11954
2721
6519
3100
15791
2334
3557
12107
7803
5094
13772
1229
2606
13643
8288
10644
14892
14334
11325
330
6937
7288
9761
4318
15317
12184
15592
5683
6999
5504
9139
6032
3504
11174
3646
3657
12850
1106
13178
11385
2498
9338
3475
14587
4529
11099
15709
11641
10832
10235
15832
1605
15043
7130
5495
10680
5540
12340
14246
4477
5790
12835
9032
986
2864
3870
1745
7508
1955
6150
4848
1744
6242
3096
10873
14588
15467
4649
13860
10092
11112
12214
1539
8428
7052
11960
2370
8607
117
12837
15281
3056
14971
3342
6234
84
10260
7158
4499
2640
5985
4468
8795
12659
5572
872
7216
3685
125
1480
5122
6351
12870
3887
13943
5683
815
387
1127
87
6144
914
13187
15273
1923
13854
4120
6257
5156
7984
2192
967
11297
13467
1369
3880
9803
14957
9455
15510
2346
1504
7215
9429
3810
2093
3590
2944
13231
8309
7321
4388
9315
14728
15097
11422
9237
1305
606
10598
1903
12148
1603
848
7869
15726
7430
450
11667
10690
15129
6396
10252
5118
12594
5005
3838
5161
1964
14986
6391
1679
7714
3079
560
4617
9683
3753
5853
12499
13533
10374
13373
10575
11894
1603
1438
9764
14739
7715
15955
9724
5262
6891
1386
8976
15839
7442
14702
9178
13378
14302
13713
9271
14664
1039
6691
2365
4042
7989
14202
5880
14065
15050
2602
13581
2504
6030
13640
802
4349
10346
8157
5293
15248
5272
7852
5751
13042
3805
5637
12254
6866
15622
14088
3447
2518
11481
13037
6474
587
8840
1344
13293
8074
8296
14432
9134
9032
10915
6156
11531
997
7348
7104
9479
1745
11061
9454
3903
5203
13877
15002
6784
8070
4420
2019
8917
8000
12962
2089
15422
9943
9521
14112
1752
9533
10008
7150
5123
3138
1555
844
876
15491
3082
9606
8474
1563
10543
6838
3441
5617
10168
15921
7717
3137
13442
13758
7514
10601
6398
12139
931
3830
5264
14251
11206
1907
14320
8128
11626
6425
14268
11887
10765
7105
2277
3095
1848
6558
6278
2633
7694
3265
1942
9927
4823
6600
11208
13452
6950
8973
12083
7919
13235
15959
8837
5560
8301
15541
11623
1467
11169
335
10910
13931
12890
9967
9046
14266
13814
2518
12621
2592
7071
10206
11221
12596
14954
5280
2540
7281
1588
5318
6704
11244
2343
6922
59
5029
152
1055
14579
11632
12998
35
13394
10225
15474
7450
13901
1713
12495
12059
7232
4729
14830
967
4808
11194
10314
2168
5070
1598
1207
9778
8354
11651
11307
5078
7314
1984
8104
10731
8135
15099
15340
4313
2201
8762
14041
2563
772
8577
9187
13510
14598
8465
10843
15932
6302
6315
10722
319
13756
13072
15762
827
5550
9042
5484
11452
1067
1224
13496
15904
15542
15990
3671
13465
10897
2420
10174
12340
6017
15179
1625
7810
1543
11764
1362
12736
4109
9522
3877
6741
1401
2826
12158
1658
2249
12320
9806
4616
15382
6166
3432
354
8369
13717
983
3185
650
1103
2287
2234
5445
3668
1253
9392
747
12278
2784
9653
7462
12987
13628
8288
3168
6578
3010
580
2862
10037
10042
13589
1434
5979
4545
9698
12518
6623
10046
14459
10744
3880
12389
505
13322
10654
484
9079
14262
12484
13415
8986
10437
11131
12234
15551
13093
12785
11409
3403
1270
9025
2066
2719
5028
14732
8757
12774
10239
15620
7676
7453
9098
7128
4846
8611
9398
7857
7966
4970
1023
12824
5240
4461
7965
10267
12634
14744
12603
4777
7691
9830
5839
13047
13120
580
12112
2529
15053
7042
6150
15831
6999
7405
2775
670
1151
11600
13913
10738
7854
5335
12371
8850
15683
8615
15851
10240
4709
3599
3029
6907
10199
9850
4439
5428
15084
8861
6294
6654
11242
15963
1245
232
11721
14513
8505
15918
6691
8498
6616
15149
3068
3503
11560
8362
3377
4186
14786
6065
7553
15256
10125
6681
14049
126
13456
15703
1736
11253
14358
6707
7723
10401
2919
15288
6387
13829
11196
2011
5504
14703
9784
1968
14563
4753
1281
4548
11930
11506
10367
9571
13731
2152
12583
8907
3899
4385
2807
14254
6022
2346
11779
11749
11251
10005
6974
8601
14651
5150
6450
9961
7056
4370
15232
9739
4591
9205
11172
1124
1686
15891
1110
11040
1552
11912
2547
13832
2710
1814
959
2951
9322
4513
8236
7439
2701
12602
15642
544
1541
4903
15080
12785
998
811
11331
3319
11973
14712
9337
9478
5495
11029
14466
8846
15330
15242
2127
15283
12516
3442
11945
13792
14710
8807
9135
3177
14840
7592
11599
3904
3723
4042
5626
1653
11936
10876
14027
2511
3358
7746
9856
1809
477
14375
2837
11101
9650
9816
3921
2806
7186
4540
373
15547
12226
15846
13116
3244
6082
9331
15976
11524
7771
9937
12870
6026
14193
11349
5849
6707
491
6294
8310
12265
7786
6538
15591
9290
1637
169
11523
15812
9190
5003
8451
394
12140
706
13573
13944
10264
14528
6381
3942
8425
12260
4350
5796
10580
3338
6933
3534
3480
10747
1288
2088
4380
2673
7077
3912
3218
13588
4044
9711
10369
1747
4995
10564
2213
9814
4171
6740
2405
11633
14911
9032
6865
883
6877
7428
3157
6662
6031
13485
14061
6787
9907
750
14783
15872
644
2125
5389
8001
625
14057
8695
1096
10448
8977
4969
5835
4358
13401
8474
10228
6168
5644
12970
3764
13052
12101
16000
10249
7532
10569
14861
4285
11326
11100
14850
8555
653
3382
14480
7866
956
6686
1039
3175
1895
9886
10959
4562
8882
1136
11156
10417
15275
7245
3588
837
3780
3844
9967
6518
2472
6945
668
182
2261
14496
15536
7857
4493
5077
12422
4069
9784
15860
11937
6299
14081
5518
12023
7812
5310
7742
3617
8217
1894
5562
12799
1907
6784
5684
9464
13777
7554
13564
13693
9390
2505
11955
6659
1026
2599
12177
1012
1804
1439
2404
14357
15364
4421
8713
6558
4311
11536
8738
15268
4949
12236
14217
2183
535
15124
11781
9210
6608
12162
4815
6838
3674
14439
5285
668
10804
14465
2873
2178
8473
342
1848
14459
6237
10021
3562
8787
6588
5305
12508
13535
4629
9081
4376
7082
11933
5713
3570
13001
10262
9379
15157
14959
14548
2547
14232
404
14826
662
10210
14244
9571
5521
14568
12369
6149
4692
12055
14019
11864
1723
15444
1621
15357
9794
4380
14870
2853
9826
1904
12479
7046
14996
15765
10134
162
4936
1617
2872
13007
2850
15739
4198
12580
15133
11928
14936
2082
15964
4714
15916
14942
6776
9083
8270
6709
4337
11392
7215
1478
11626
11191
1896
6717
10536
3172
930
4196
8848
10480
7001
2932
15799
7147
15956
14855
6970
10416
4504
13164
6104
7239
11764
9099
6842
7250
1538
15129
5289
3037
6347
3312
10669
15537
12879
8870
2264
11903
7663
14749
6179
1215
9413
7249
7399
7904
10628
7522
2985
5791
7676
7056
13129
3145
11729
6979
10211
13197
14555
13314
5857
1042
13322
9070
8428
10885
9197
1328
4205
3122
9670
3229
4990
12717
4188
9055
6681
14903
14783
15360
9799
7217
8076
12343
7826
404
4131
1478
12595
6745
3291
7612
5897
10873
14289
2572
14804
9159
9523
10538
9158
13272
8570
15243
13026
7519
2627
3295
3827
4098
715
12698
11222
11409
7122
10927
10761
6087
4707
10638
14652
15424
12324
11409
9924
13382
6755
12628
10642
14399
6205
11954
11713
2711
15532
9492
9232
8933
9024
4142
14189
4146
10711
3304
12764
12771
8783
10415
5301
5002
13874
14538
11491
13613
8599
6517
13132
8444
13849
2935
10250
2907
30
4434
3267
12358
10539
4656
15265
2190
422
8397
2307
14049
13311
8275
10156
1536
8350
8511
14626
6337
9999
8184
2199
1682
7204
4569
7407
14597
6592
5963
15910
3386
6986
8626
3038
4329
1657
6288
11015
15585
6390
10875
1919
4794
3580
9926
9862
13911
1203
9407
6747
14298
10662
10398
3345
9132
9125
410
7344
8685
6157
4846
8396
5077
5032
5362
13082
10582
8296
1703
14116
13609
777
7794
15979
4990
11368
11685
5597
10210
11572
12173
11519
2755
9920
12711
2506
5735
7020
9483
262
13496
14140
11276
5490
13906
12861
6048
9308
13555
479
6870
3462
2101
5487
4170
675
14515
1580
5979
6837
13003
13304
3146
1658
5873
15577
12253
11776
8676
10980
13223
12219
13406
10822
3391
12497
619
12667
15052
492
6806
2107
5303
6727
9376
6241
9206
13442
2152
2441
10127
7344
9250
14630
325
1757
4765
10447
644
13284
1692
14294
4447
2031
2015
5434
11663
8760
12927
4910
12098
11298
11656
6221
2949
15875
7378
340
3681
12976
3231
13758
10232
5674
445
2932
5755
9300
10120
13618
4881
4710
2213
11219
4745
15282
1792
10428
796
2177
3643
3082
2655
5286
1828
6275
7081
2679
12811
435
7343
15255
13269
15188
5068
13694
8756
5504
9926
15680
4853
1723
4235
799
4504
2742
5869
6345
7714
3735
11608
7716
14824
472
8326
3934
8089
15395
9188
2236
284
10292
6296
13551
13612
10508
5973
5100
7166
10320
156
15214
2743
10199
11136
6879
6805
6346
11125
393
14906
7039
2930
13929
13914
4933
13243
1651
2888
9648
3865
8482
11453
4553
12397
14444
1075
11871
8739
11932
13613
2803
4985
2156
15072
14558
12067
12373
10471
5778
766
3420
2282
8033
1489
1471
5880
13647
10454
12792
12998
3305
11705
1710
12156
8508
14639
13842
5580
12080
1503
1087
13129
6585
14567
3716
5264
7648
8452
4319
7112
811
13375
12251
185
14695
15804
13612
5356
7887
4315
10676
12160
110
10187
12080
9562
5858
14547
8992
15804
8851
8639
10839
11986
275
1057
5074
7534
924
13550
882
1734
13012
7265
12560
2031
1544
2074
6757
12783
15790
879
14597
9717
12543
12570
11140
13301
10477
1567
14502
4809
1077
10644
3350
15829
14225
7006
6397
9516
13708
5343
8873
7883
15508
13864
12889
7944
3914
10070
8956
10550
3116
2289
4846
15260
5086
6782
15342
616
14185
12457
2348
7692
5095
12034
9189
11823
7297
13747
3851
14917
2460
11426
1260
14781
10750
7107
2656
8402
8213
13024
10425
11131
8018
5169
1722
7267
1491
10310
1553
13495
2506
2676
5897
11222
10952
1232
3847
2791
3625
5788
6620
14145
2039
5901
10689
6468
279
825
10179
3872
6192
13521
2057
13233
7804
3009
4549
1741
4043
1092
2573
3816
6440
9776
3919
7477
6670
10457
12250
13354
9384
7204
9924
6962
14970
2264
2996
943
6494
6139
4685
12459
5211
9391
1943
9928
13706
8565
14692
12857
12824
12405
14653
2485
14225
794
604
3493
6512
3619
9278
4074
13552
10025
4026
13112
713
6297
10723
13307
2413
8847
10329
1536
10502
11594
5881
800
9642
240
14571
1596
985
7760
5006
4579
15102
11639
13576
2897
3248
8205
280
13592
8681
2629
3257
6973
12923
4961
14634
6898
5442
14820
211
15393
11437
2118
5897
8083
6986
482
14678
4387
6004
15788
3327
2485
15084
2487
1912
7550
4417
11175
9588
770
15658
2129
15027
191
4719
7283
5232
8437
15143
3384
2386
2876
3794
7864
12759
803
7330
14170
8595
9753
958
13135
5306
7043
8719
5166
6153
7190
8601
2845
9034
10832
470
10768
12839
320
5951
9246
273
3166
2991
12720
1886
1023
20
2540
2492
14917
1251
3007
12004
14943
9784
3348
8143
8683
2857
2554
4323
5070
1679
8786
10464
9502
2976
8307
9311
5468
462
10687
2283
9989
2150
5248
6732
2711
11498
4550
10893
5453
3077
7910
9708
6581
2548
3770
2066
6567
12412
3963
11944
15597
5105
13708
2257
9150
13665
12417
5183
2932
15355
4176
8071
613
9231
9019
5949
4292
2813
2885
8050
6653
9651
3400
2641
9301
2707
4426
13847
9732
12135
12532
10050
1979
163
1355
1836
6926
14426
15067
6340
3844
6259
15918
6246
14689
2061
7110
11585
9235
10018
15012
853
8115
11101
11994
10892
10389
6380
10921
10313
10228
4373
12619
5205
9858
238
14393
189
6905
7313
2918
12825
1806
2597
6636
10737
6951
9449
7008
8723
3767
6899
4770
11513
10926
5597
14594
711
425
1607
11320
13868
8260
10835
9191
13517
957
15084
10302
6379
14228
15311
13712
11852
15534
845
465
2299
2358
8950
2004
5501
516
15239
12252
12077
7813
2128
8879
7531
1922
7620
11048
14003
9325
4363
7212
655
10715
3082
9265
63
1239
7098
4662
6826
7498
5806
9841
2039
15235
4630
585
7122
6146
11086
15705
6940
15276
11258
7695
6983
5967
6106
7778
10816
9359
4692
11037
1863
5934
3513
6062
8
5629
1816
12844
2357
14564
11869
12394
4923
4412
12835
11823
9875
9002
11020
5414
7369
13730
7895
9445
13909
8863
4474
2318
14523
15873
2218
11802
5975
2411
820
13956
8604
8576
1834
15588
9273
10632
4276
11835
13299
8365
3954
2763
15145
2749
2413
13593
10008
3648
10059
4481
9379
4767
7118
13506
979
9095
13763
10812
3434
10590
873
588
8384
8882
9512
2864
5640
13277
12393
6851
10407
12359
8183
3820
15435
14014
5700
4281
11404
1702
1645
1493
15707
14335
6687
1099
15190
3110
14342
14936
6306
1190
15237
3865
10533
5120
15971
5681
13776
2393
6967
11992
1897
11586
1296
10163
376
6023
12643
7226
10513
8899
3188
9903
15467
5357
11346
662
6829
15002
927
3994
8294
2857
1437
11850
11410
13771
9854
469
5263
2827
9398
2562
13344
14306
2406
15110
14748
10249
8596
15781
15223
14726
2631
10250
2507
9400
12045
6463
5752
5993
12213
14147
12753
11797
15222
6655
1060
11361
6093
9476
1968
11028
13001
7513
11765
988
15731
15516
12490
6042
14769
789
4867
5289
2089
8586
4966
2452
1783
2359
13516
2585
8384
1293
713
1419
14833
12332
7732
8611
14677
13154
5058
5682
4276
14331
7134
15452
8361
5166
2719
12281
6500
8481
8738
7454
4615
14864
290
13557
14874
12689
10889
13698
10879
12452
14883
15977
5266
2760
2391
569
13416
10555
8010
10352
4168
5930
13894
4005
4025
4164
7746
7004
11511
6359
12604
8988
4966
9328
10245
13459
10212
13163
1372
15816
6156
9158
7676
12209
10540
5538
15239
753
4705
3714
13634
123
1338
1541
481
10590
4854
12324
9088
11059
4183
5092
13226
10697
368
8905
7936
15243
14540
5756
10710
6121
13459
14853
13222
8978
1962
1877
225
15295
12292
2048
7085
4239
1422
5603
2829
7917
13146
14560
9490
15736
11816
8403
12872
2571
5282
9597
4821
2974
13708
1596
10409
11640
12583
10272
3381
911
6391
6486
7565
5077
2042
14739
12876
4746
306
8655
1896
4611
9135
6278
2933
10410
895
14964
1833
7922
6169
12869
13725
8337
7948
7852
5254
6378
3642
8839
3761
4046
10507
7470
8254
11875
14705
15132
11900
15129
9382
8222
13171
12347
12755
6766
12656
14186
7358
8281
8940
3523
257
8038
15861
15279
7133
2631
12821
8469
6831
8053
5735
9462
13071
6213
10585
497
14678
5119
6440
2958
4821
1713
4196
997
5402
12583
5168
15535
14861
14590
12075
3753
6306
6670
11838
12651
14045
9865
14994
5305
2193
8883
10453
4930
1198
13272
4662
8925
14773
3534
9188
8524
8832
15306
8076
1764
15708
2954
264
11934
13041
4744
12694
4733
15372
965
12682
2847
11641
2200
9481
10686
1385
7156
12859
548
10617
269
6917
14457
12984
6541
4258
11482
14935
8838
1002
6327
1299
13156
9044
5511
11784
8105
2335
12472
9576
6149
2851
14441
2317
15889
1330
13956
11443
4945
5710
10382
13938
15780
12627
11845
13250
27
8205
9491
13221
8702
7758
13981
6562
3910
7923
2682
11493
6435
13138
11000
866
10867
3249
6836
3175
13683
14443
13145
2550
9968
3585
6107
4919
1225
425
15437
2219
7990
7037
4854
3619
4729
3242
2775
4414
6772
12651
1792
9347
7785
12362
14517
9785
11569
10244
2898
13289
7721
11095
4107
7797
6969
6908
2650
6730
10759
4820
1316
10020
931
9233
11160
13163
11086
9983
657
14065
1525
12326
759
9573
12388
8896
11529
235
2906
2679
1597
969
10419
7443
5667
2954
13114
1957
3827
4220
3165
713
13445
15022
247
6758
15922
5256
3164
7650
609
14784
5567
3412
8708
5707
14548
3778
8986
10247
4115
894
6652
7028
5363
1051
8753
14231
9383
12885
15986
8180
5740
15907
1802
12604
10617
4077
11222
937
2466
6575
7793
7665
7304
11754
13619
14865
8530
8708
431
14738
9415
1736
11166
12046
2199
14396
9544
6046
3955
13732
1648
11613
10191
7629
525
7918
4395
3175
12349
12146
5502
13264
10690
1391
15539
6591
1964
4002
14452
4568
2132
285
6395
13578
2272
15639
15522
14392
14607
12792
3603
4441
13144
13997
521
15043
6049
12656
6001
8567
437
10988
12676
15914
4239
2004
862
10576
14345
12182
12177
15933
13227
11888
14403
15333
1769
7721
15769
11899
2039
2597
5085
10877
10260
1548
923
11766
3250
13814
4311
4319
13110
15002
13179
5929
977
6665
1044
5787
13141
4843
7200
13588
11865
11733
14939
15472
14766
7769
12107
5242
14605
1098
6530
8837
1876
11491
15667
2381
11584
10462
13048
15058
15122
425
5880
3435
14185
1422
6424
3746
10142
4064
4540
13047
3343
13960
14048
3035
14320
12095
11327
7728
883
11198
6835
12072
15606
8323
4994
10958
7227
6503
7172
10993
12995
11455
8213
6795
13022
10979
9300
7435
6197
14824
2632
1063
8252
15430
12703
14652
10079
9105
12732
15157
12400
839
9049
4297
7438
4078
9007
9563
9217
7444
7270
8928
13662
1521
5071
10128
9669
8455
9324
9307
14845
3278
7218
10147
6613
10486
13203
13555
8921
14565
7028
9341
4777
6762
11770
3209
15378
6592
3558
10782
9595
5160
7951
1276
3107
14548
13697
8819
6471
5156
6885
9308
9965
7013
1234
5083
14020
9726
13562
12593
11596
14871
11215
13620
10866
2276
4531
505
13085
3772
141
4228
3543
14658
6229
1079
9004
2218
8572
9040
11073
335
507
4888
5411
9320
14705
13445
1779
14759
5895
9254
13364
10312
11479
8377
13892
9022
15192
1892
7518
15860
5783
9061
7526
2844
1921
11021
7362
13240
10307
9262
7566
14962
4236
1017
10655
9456
6631
4109
13050
12980
10816
4671
8639
14335
6080
10550
596
4741
1331
7109
12573
7694
2932
2504
1434
13291
2033
12441
9159
2618
2534
1772
11623
1489
5031
8204
6426
912
6883
9773
10988
8328
3822
10645
15628
8811
4243
13154
2369
11035
1637
9936
10723
12983
13352
12357
2722
6999
13152
6355
6989
12907
12796
10191
1643
13612
4153
12508
4352
1677
6090
13469
2882
8059
5688
12658
8971
15302
13051
8792
12402
9137
3293
2217
14660
6565
6011
5515
549
11166
5838
10465
5700
7491
5438
2983
13890
12042
14560
13557
14600
8504
9530
15081
8297
13503
855
889
381
10326
12334
1172
2819
3676
5377
13869
4937
4674
969
4480
5919
15951
11011
12180
9033
11838
2497
2979
1633
10266
14293
2564
1517
3177
15021
5860
15213
14838
3823
5228
11290
4620
13560
4624
9820
10440
6243
12902
15605
9208
1275
15878
9826
3241
12347
5627
10265
2772
594
8885
2290
315
15871
8339
3271
10775
10812
10937
4168
5851
1538
6296
1480
14410
10724
15612
14821
144
10919
1431
15856
3993
8852
10978
9386
11412
2664
671
2850
9736
3821
805
4563
10529
11677
3307
15489
1936
9473
7845
8396
2704
11789
10455
9735
4673
15242
4254
5599
6195
10494
3696
3666
3050
12389
6203
5986
12104
12314
3928
11056
12060
12639
13748
11583
7324
3352
5524
6901
7129
5787
9027
1971
2700
1589
827
10470
12407
14836
5835
9426
12458
13507
10072
7429
6857
11234
3647
7421
14976
13575
3781
12609
222
760
7153
12051
8955
3184
8693
2979
10911
2639
4358
15944
11049
1576
4310
14382
1890
434
8322
2214
5020
1342
5093
11604
10620
11282
15592
2034
480
5038
7394
9335
9119
8042
10396
3376
11284
7499
12177
13579
10199
8907
3655
2484
7635
397
2591
13084
11951
13049
3881
13653
11958
15617
15457
14353
534
8868
13022
858
621
4003
1732
5796
11330
13382
313
2815
13543
6053
7018
12578
12534
9352
3199
7023
13776
3100
7165
7747
3235
2680
12395
12355
3103
9572
2051
9181
2050
10653
6141
3755
7726
10866
14573
7932
6380
3601
6709
14618
103
11420
13948
1519
6346
2512
4244
8392
2999
13525
10348
9743
13467
11195
12975
2991
1807
7463
11960
2579
4143
9521
885
1560
15209
9510
3525
9706
2010
14338
13880
1163
6238
12385
13412
13250
15219
10588
3537
2961
7796
4696
4292
13283
12717
7226
7476
15435
8705
11951
14488
3660
15574
12465
7439
14218
14335
3695
5041
15738
15437
14940
10124
2103
11888
11333
7574
7563
12158
13338
3833
12785
6397
5209
4004
4059
2668
13060
8017
1900
9487
11494
13168
1805
13158
8479
4757
4925
10986
9451
15434
3951
14625
5354
9257
1501
15431
1640
6343
10837
13853
13964
12409
1740
5530
13624
10360
3883
7880
11525
12494
10085
2657
7734
1784
12302
6028
4449
5069
6272
14431
3467
3895
4208
7549
5016
12131
6972
15441
13066
1380
3677
2949
13008
11582
3664
15190
12857
9118
7330
7057
885
93
8309
15303
14893
4381
13984
7904
1042
10406
10382
14083
3481
9507
4954
7457
13739
4149
4827
12460
1140
8118
4556
14304
2238
13222
14500
11404
4567
5939
2377
12312
5730
10810
2656
10860
15160
7283
2873
13352
4601
5107
7051
8273
8673
2259
7859
2142
8611
4779
15208
14760
12557
15776
13455
1263
10541
5268
434
14998
15550
1398
11044
8431
11865
4966
14115
8880
14081
7109
1818
10058
11029
341
9891
5012
8053
4066
6454
7200
8879
9070
7235
110
2566
5377
7501
9917
9811
14247
6038
14359
12129
2000
6035
8140
1201
14718
11720
790
3952
14789
10138
11088
9685
2620
6468
10755
8854
5779
774
11304
841
13170
10141
9541
8357
3761
4613
5371
843
11786
10409
4202
10543
3199
7377
15371
6648
11582
9688
13665
11211
15576
5261
11153
7273
2314
8445
7170
4918
208
1
5463
10739
11838
4416
5111
6459
13600
3140
6011
7223
1127
11309
12339
15339
8410
7063
8529
11001
1940
8566
1991
3822
13067
12364
10879
7732
14170
9722
11903
13095
3128
13099
291
5647
15962
8945
3673
14123
11419
5498
13770
9216
11648
1309
2439
9762
4028
9692
7753
9837
14565
4365
15428
10674
13216
2016
13070
12126
9823
12572
15340
1624
14305
11460
15271
6363
10076
12151
6639
2721
13604
13818
12388
9659
1372
11925
4800
14148
2438
13108
2187
14398
12129
1705
2579
4964
12347
15817
6973
6537
14313
9790
1377
14531
14502
7541
8022
12301
9871
3136
13745
7127
2422
13580
1686
7850
3487
1762
11107
4308
9039
9042
9241
10489
14723
14954
2756
15594
5175
8039
4545
1955
14605
2828
4185
12017
14502
9509
15564
10376
11715
6820
8817
15115
39
9257
3824
9443
4860
4655
1205
9929
9252
3754
9860
1363
3370
9368
5743
2559
12818
11266
719
14166
97
7936
8972
2846
12121
11874
11583
3903
10166
11080
13540
4747
2530
15955
9572
8330
4552
9804
5861
8954
7539
10670
15788
6616
3543
6232
7561
8334
2813
2035
1667
15645
7143
2304
754
4741
1221
6139
7697
13480
3489
9895
1216
1763
13897
7054
8573
4541
12336
5924
13529
1979
6418
15025
12835
1073
12677
3
6240
9272
5133
10479
9068
3447
7563
2202
1116
8769
730
11433
14723
1883
3172
2484
6538
12974
4087
9847
7610
10129
3210
13377
9116
10644
5480
6504
4140
1682
11691
7447
1576
10989
8200
9963
8375
7096
9162
1121
12980
11738
7655
13155
7940
10956
15439
12445
15350
11649
15004
13181
4868
11063
3915
8318
751
18
4402
15881
9439
14405
12496
8782
14902
3756
2905
2728
9076
4477
245
7914
1370
4580
2098
1617
8357
14500
10770
14899
2415
6908
14526
7102
206
13115
7447
10831
2545
12997
9967
11663
4330
1107
13517
4816
853
1890
14618
13531
8964
1726
10131
8935
6179
12748
4273
14677
7978
15166
9413
11631
5180
5115
10523
10489
9417
11756
3579
1075
5362
4689
15072
8724
7539
10445
7203
14092
3130
7146
11210
7284
10400
5120
13671
14181
2931
12603
7520
8388
11065
1343
10899
14224
9544
7262
8868
6697
2497
14045
13369
15422
15581
805
13752
4953
12183
8763
7548
10024
10267
8104
7062
2697
8579
12969
15762
11432
7551
11808
11320
3635
15410
4050
7562
15210
15617
10366
7455
11201
5908
514
15680
6595
1862
4055
4191
1890
1041
2980
1604
6043
7397
15564
11087
13917
15798
11506
11862
4392
9127
5714
10313
12774
13593
13827
2050
11201
11493
12856
10217
15232
846
3068
5695
11814
5914
532
11738
13369
13813
7480
996
729
15
5933
10738
12171
9718
6776
509
6831
2680
1754
3313
2275
14252
13626
12844
14036
15013
7966
13138
13420
1505
10869
9435
4932
1259
2105
3925
14158
10392
15003
1438
6963
9747
12618
8034
3403
13633
12530
15832
8721
9923
15833
6321
3363
3349
15700
3771
1917
7528
13123
10269
3433
9344
8227
6268
8579
11995
12814
1478
4596
10125
3537
10250
5057
10113
13416
11565
13916
4733
10113
4070
10383
8033
8719
5544
2657
5434
6494
9523
2554
15669
7339
3745
5621
3351
495
15432
2299
11568
15251
1337
15242
11080
11209
13872
11902
10295
13901
514
14
2370
8356
8087
12623
6414
2432
10409
12810
4909
7537
9167
4302
5110
603
1802
6652
14309
11954
10545
10695
1531
8961
15671
3506
9313
7172
13381
10103
14900
6823
4671
1642
325
11465
3887
10872
15461
8635
14580
3152
15300
12330
11668
15305
2333
11270
4788
3158
11064
7708
14126
3565
14315
4826
2891
10296
6131
6498
5
9126
3728
15491
12450
12026
15075
6914
13129
9333
3331
9027
8971
10329
8514
7241
1397
14634
12396
15450
11184
1369
14787
11573
4104
8048
7991
7457
10669
658
3361
13072
14641
14433
11536
13165
10900
11313
10052
5332
11644
7114
701
3730
14763
12946
8112
12391
15654
3427
4698
12404
11615
4759
9243
3966
340
758
5036
1586
2951
12413
2613
14476
3367
625
3804
6450
13727
4215
15918
4399
1951
4372
1540
15684
8420
2202
10568
14547
2177
12032
14741
13927
2869
5687
15052
15800
11139
11930
11100
6456
10972
4802
8545
12883
12962
583
12502
10684
13305
13643
14822
4732
9769
12456
11871
3032
10707
8539
6543
12
661
15149
9903
5746
5910
13031
7961
2369
15766
9560
1772
6212
277
15124
4132
11950
6417
6606
3853
13328
694
14357
4672
13775
4538
4042
6538
15516
3699
4273
6142
7517
8276
10964
15195
8906
7898
3836
1105
9243
14963
11543
9343
12288
13730
15376
9928
7703
2456
3556
6101
5359
5653
14597
3396
5697
15931
11278
1973
2864
11803
2243
4185
9108
9177
8297
3034
1163
4197
6953
3272
6157
5463
9815
5575
1804
14532
12897
3335
15433
11047
5996
1275
659
12659
13731
9211
13272
14372
3925
4958
11184
10771
14447
13471
3042
8022
1738
11004
2372
12399
14674
13173
12902
6507
10493
12464
3953
5241
11006
1866
4583
4918
3328
12956
11405
8920
11892
12888
15778
3546
11493
13395
15350
716
14684
6043
14673
3491
14791
7624
3881
10333
10382
1705
5213
10358
14019
9007
14389
6778
5641
6410
13641
7077
4941
6041
11462
4393
7617
14013
6884
4924
9387
5066
11398
3126
1196
2455
5344
13797
3011
2112
13918
6087
183
10214
666
820
15295
1966
9625
9453
2005
12502
13030
6323
9344
14512
15771
7796
15493
9262
2541
14270
1045
10405
910
13883
15303
5037
9279
10204
1147
14151
10986
15
552
12767
4561
7749
7829
4636
13415
7974
3202
9584
11996
4761
9310
1195
3741
6629
7793
658
4875
10161
8078
13261
11413
8277
4053
15159
2472
14540
2283
15656
13249
14763
13970
6411
7819
5571
7871
3609
7151
8465
2878
272
9504
5324
1017
9535
6641
15184
4119
7839
2072
14503
412
15660
8763
14019
6853
6501
15579
8716
975
4539
7925
1275
8570
9443
4867
7799
2558
9540
4252
7481
13864
7624
13122
3280
13189
15352
6988
14564
5040
4327
4274
13043
6427
10577
5536
12262
10116
14314
10806
8242
8397
2473
12678
4816
13771
15674
15534
5545
14050
15914
552
7023
4815
6401
13919
13757
12232
6614
1938
8697
9738
1789
3468
7889
3101
6696
13423
2611
13900
4688
2803
11738
7478
8660
13005
14983
11923
695
14938
6040
7676
9808
8694
1557
851
2337
13348
7249
3383
3197
6677
4353
5642
10305
1377
10021
2147
9180
15618
8143
6547
3816
7553
2454
8043
5595
15631
11722
9945
12143
11378
11146
12069
2660
519
1025
12197
3403
6144
9139
7842
656
13815
11159
10072
2635
9348
3813
12155
4435
7206
4421
7325
7261
11262
1784
9955
831
9895
15345
2970
7964
223
15873
3311
1034
13457
9862
14824
11071
15207
11211
11919
13987
4770
13615
3880
10481
4246
11542
4733
12874
7560
12507
1069
5224
7250
14781
2255
8748
13144
12544
5979
2684
1806
10895
1070
13384
4919
10015
15091
15582
2501
15166
170
13393
13164
11108
13090
755
343
1907
12647
1683
12724
3985
4820
11802
4844
11674
14302
4316
8122
14405
9448
9667
7312
5066
8746
12822
14682
11954
6384
11212
7937
141
8542
8050
212
13931
2538
11844
13210
10544
7961
9591
15810
1966
10470
2264
10265
9383
10913
8858
12361
6429
2985
3390
8669
3933
5605
15883
11289
13691
9755
15535
4267
6217
5510
5875
6112
11295
13514
5877
11605
8542
8182
3629
15385
10114
11394
14306
11519
13034
15506
3824
7574
14543
2971
13699
438
8256
6925
5288
14430
11791
6568
12689
11977
13944
1218
9287
1435
7345
1401
12987
1366
14958
10392
11901
11864
9655
1101
13326
15291
9477
13239
8546
1040
15116
4201
83
1707
518
132
712
13341
395
3135
12645
10173
3849
624
14976
14520
13179
13318
7582
1300
5334
9399
4346
7898
8394
7867
1683
7833
12796
2150
2011
11000
8977
15526
1933
1975
15447
12945
5551
1187
6229
3355
2469
11475
3957
8633
1667
6857
10860
1756
12605
7075
211
3867
1506
12766
13734
5378
3967
15855
1833
301
8627
8045
3427
3491
4812
7051
6527
9515
5685
13459
15623
1363
13588
12905
13302
7244
1889
8485
1433
10224
15804
7110
13644
6467
11291
2768
9685
3373
8260
11414
5697
8914
11981
4509
14259
15978
2718
8937
4514
14564
4244
10360
1526
10160
1058
14779
9446
690
1734
1378
8943
10888
1995
2466
5720
10009
1743
13609
1887
14279
7406
12809
1280
11513
615
3855
7772
5846
352
7725
7954
1528
12375
3199
2519
14262
14829
11599
7995
574
4630
14839
8444
2209
5329
14736
15072
5589
5804
12797
2620
7859
12276
13467
6779
9069
1782
2070
6783
10569
3382
5482
5697
8695
12006
8780
13836
6337
7006
2943
14109
15015
3100
887
2022
14586
5557
1935
7396
4725
6081
31
3823
13846
5030
10836
3202
11133
7219
9055
8648
15881
12709
4145
3413
3349
2614
7792
10375
11844
11122
8351
10027
9785
2535
1651
2807
7997
4296
2393
15965
1500
15610
15588
2108
4587
8387
7276
3891
14983
14909
10014
3275
15415
6731
7408
6106
5909
3986
3201
5715
5678
5398
6224
10574
1452
951
757
6988
13638
9295
10643
14145
2703
2624
8720
11776
5683
14889
14947
36
4762
10846
10844
11139
10340
7613
10617
4634
10067
14991
2641
3133
8807
4012
4707
10681
10519
4762
2723
1831
7565
6697
1315
15912
13967
11317
14039
1832
2631
164
705
6188
2618
2803
7530
13300
13007
7547
10656
14218
2933
8341
4800
14618
12914
8363
4584
900
2565
542
4346
9693
12335
1313
5020
4364
13913
14611
11912
13002
11460
4198
10985
13778
11848
10097
7529
13416
6589
11023
3840
4966
5174
9357
5819
3886
5039
10336
14168
2918
9387
10790
2095
8038
10642
12876
12250
8243
12288
10918
847
6749
9378
8593
12698
12629
12032
9353
7168
7761
4716
1091
3806
12379
3154
2736
9676
9399
12215
15569
4190
13075
14138
9700
3498
13452
6966
12319
9261
6444
107
12911
9889
6285
13409
9839
10118
477
6183
12270
5029
7238
3123
5626
15404
11876
13073
3318
10577
15375
6116
6717
10690
13879
470
2921
10539
9660
13205
6030
1966
12534
15794
8287
3006
1591
3032
575
5776
12480
7877
3391
3340
15396
15285
7599
12583
5303
5113
2848
11350
2811
3690
6722
1910
5521
5674
15325
7041
7540
6323
12124
11827
3268
7321
4532
11483
2431
6825
2857
13346
10740
403
9861
13371
10447
62
3336
290
15451
7572
743
13835
4491
11803
2072
5182
9389
1819
2775
14065
13141
1985
8706
11744
11104
2350
13685
14310
15365
1106
9424
10541
1812
11897
15198
817
11281
1335
788
352
4572
7010
6859
13269
4008
7883
14071
13820
11587
4896
7886
5291
15695
4199
14140
9947
12715
10373
9111
14573
8770
4568
8963
7998
14227
2489
5059
11194
3477
3652
5795
9372
4893
12387
255
12686
14774
4554
14104
10008
6450
11955
15796
2417
11638
6961
11308
9884
13513
8851
14255
7848
9851
928
15373
10172
2
11436
1001
11230
13328
15863
12351
8618
13136
11202
3962
9300
3041
6280
2903
7696
12056
6249
5925
14546
618
15889
3882
6116
8155
13360
3421
2586
13658
9561
5033
12229
12157
4268
2252
6249
9846
14765
12871
9914
1026
9640
3741
899
6913
2009
13811
3486
9746
14369
7748
13576
1519
9866
12588
202
9066
7725
14524
12508
8103
142
2067
930
2233
11928
11472
1570
2786
4740
12457
9531
9813
12704
14858
12234
3363
9805
8047
11522
15639
7393
554
9592
8470
2685
11470
4595
14950
6166
9868
4995
2975
3289
7608
7527
5802
1911
523
15893
658
1398
15162
10074
8787
8362
8842
13412
3248
13499
13975
6387
12143
14020
9216
2256
14864
12683
12155
2530
15310
7433
12903
13477
14952
1201
13066
4653
11992
9405
8231
2691
4743
3216
14256
14379
13791
3686
4257
2285
6324
15320
14369
13984
11479
13712
11956
199
9375
4384
8122
7914
14959
952
8995
13825
8624
14302
1393
15208
12991
432
2153
15598
7108
15177
2491
7399
1737
991
1461
10839
8266
12542
13674
14437
11187
9838
12108
12409
7967
10144
2966
1218
14537
8965
10187
12739
1502
15876
347
1257
9573
10991
343
9804
8621
12415
2371
6094
5123
9978
1378
3588
11676
10124
13278
8973
1649
10808
1887
11623
9918
15783
10663
13367
11030
4667
11973
12144
13035
10713
11760
12916
4607
2193
5117
15443
8972
3851
4411
1328
2550
15871
12259
3964
9105
5346
6773
10817
9602
15222
10152
13719
5830
10234
11835
5630
2280
10349
2054
9575
1629
5747
8801
5241
576
7407
4819
10983
682
3837
5407
15750
5233
15564
12449
704
2068
8457
11222
8082
1654
1003
10173
1105
5647
7179
10017
9515
11507
7538
5111
2571
13660
699
1245
11124
1091
11397
11587
8619
15119
7795
2700
5693
3522
9755
13154
2246
8054
3307
6426
10660
15797
14543
7397
10109
6670
6690
11924
14650
3817
11139
3567
13065
488
14712
8734
14179
407
9467
7118
15661
12520
3858
8443
7061
13412
15089
13206
15115
7549
7995
6188
5111
8928
7839
3213
14371
13572
8870
11713
4686
14726
3575
6352
3773
7477
4999
6049
1635
8938
6596
4433
15926
1
4512
3866
13217
15065
300
5826
10316
7047
11507
5579
9554
12359
15638
10715
4235
14415
15496
11252
13177
10668
925
9671
6587
15006
13479
367
5226
2776
4582
1643
3131
9572
2232
9539
882
7319
2352
5394
5725
10069
10355
12205
4562
3336
576
10473
6134
8664
3656
12382
7476
9516
11071
9770
14963
7487
13418
537
2082
5200
9182
3718
2277
158
9129
15643
8015
2209
6574
14211
8478
8172
1220
1469
12043
4555
6317
6296
9988
7204
15392
13186
624
13096
11829
3697
8315
14383
72
6336
11617
12199
9254
246
15047
3608
4586
12229
7712
7481
6810
9267
9363
7975
9592
3840
2142
11675
10695
4996
12590
4356
11338
8255
7244
7700
13101
10075
12402
11217
5323
1741
4425
1983
7896
11204
1192
2717
14901
7492
10092
13105
5551
13006
13209
14164
10407
4119
12122
4836
6857
155
998
1891
364
8950
3426
608
11004
13859
3722
595
4325
192
7165
12499
9584
8723
7924
5235
4925
2027
8190
13794
2080
8089
9279
516
12696
4702
13262
12172
8399
7892
3923
5044
13216
3670
2621
12594
10022
11109
9901
1217
2143
13858
3455
14949
11320
2849
15304
9891
13706
15104
7846
3518
611
164
9658
12908
4217
12846
5742
1330
10508
10627
3125
6537
154
2118
7530
10453
1136
9753
6081
8894
12390
10902
14761
15303
13766
3317
9636
8399
6129
2924
13596
6022
6432
4629
11646
4338
12101
15938
5537
14983
3106
845
8799
6585
4594
3565
13999
3507
7974
2350
7317
9563
7873
4748
9290
15817
4385
1307
12855
7482
552
4894
2566
13335
10042
5399
12148
9937
7489
8756
3307
6348
3987
12866
10968
4919
4751
1117
2902
125
8943
6861
4960
12304
3229
3346
6877
12546
8586
3217
3919
6882
8454
5887
14355
8296
7296
13670
10063
5987
6175
8737
7287
14698
15958
14608
14872
12797
15275
5979
40
240
7378
15409
3054
6354
13570
10437
11879
12861
862
4426
4198
13377
10069
10509
4933
7059
7540
2684
12675
12936
13247
11244
10177
8880
3981
11351
360
5024
896
11725
12024
7860
9675
11048
10725
2123
1119
14821
14064
8966
11929
15060
6867
10801
14032
9363
8529
9616
13758
6499
14046
10411
3726
12827
8034
6833
4314
9506
13281
3963
2062
10558
14171
15588
7438
4529
6567
12213
1855
15618
9500
3410
15870
9755
6295
14052
9016
13319
15520
2311
6707
14749
9406
238
3208
6495
7163
7099
13649
380
4871
7552
8581
13576
6393
9137
11615
11064
3041
4427
150
3538
9450
6607
13273
9427
15436
15112
15373
11775
14324
12351
13061
15415
13540
9454
12502
12976
3007
4340
10254
11937
11149
1324
13262
11045
9087
7841
10640
15090
2857
2789
15412
10145
5259
6349
6372
7034
7220
13066
12776
14925
5290
6330
1552
9585
3183
1325
275
3986
11034
8856
11116
4572
304
6414
5552
655
15026
13178
12577
3040
7370
561
725
1123
1245
5322
10190
9346
3943
109
15859
4024
2588
738
7108
14225
7408
14360
11688
5493
5635
6097
5078
10869
12086
3585
1180
3790
9249
9280
11253
102
12971
5255
1490
13541
3591
14620
3675
2704
10658
15569
9858
13654
8100
476
2994
4940
10019
1329
9039
12982
7010
183
1980
7369
13198
5234
11800
5797
8954
15450
4408
14992
11473
7650
14063
9119
13235
3265
12847
2793
564
11920
2251
9988
5310
5380
955
6744
15939
8274
4406
6725
12056
13416
5804
14340
12687
3414
2625
12244
11385
14678
15827
4713
10507
2808
8399
3492
6762
11718
5932
12400
401
12796
14399
13059
5197
4725
11355
12821
9602
5531
4282
3039
9265
9796
7808
7534
5330
1846
14072
13193
9725
14160
9487
3322
9908
15089
2692
7480
1289
13398
507
15187
3835
3011
13186
15023
121
7750
7318
3296
13344
10740
6219
13560
13609
14538
15672
9961
15031
3938
15404
15460
12987
13805
15694
14701
14109
15169
14015
4350
11364
4196
14639
5452
854
14569
6660
14425
1719
14169
4868
15995
5791
7863
15471
8503
9430
13588
6635
11649
14207
4798
2365
14885
5904
10761
5226
5314
531
1051
12958
11080
9851
15990
6026
5896
11154
8686
15675
6463
2792
4689
3070
13214
4255
14200
1628
11928
9337
1135
12639
5414
7183
3249
2826
4595
8818
7921
7470
12979
3971
3084
10275
15630
4822
6162
7138
9389
9533
1798
1529
9259
7197
15522
8171
8486
7119
7405
3264
9010
5088
15133
1467
10621
5577
1848
6424
3268
13573
10448
8568
3634
12995
12980
3518
14204
8447
7113
8356
4734
15278
3584
5606
14119
15737
8906
13741
5341
4230
497
12571
1297
2488
810
1885
4952
7695
10898
10202
7406
3404
10281
13552
4096
14331
12825
7681
4515
9887
7779
5115
6434
9561
6978
5019
3800
53
3615
810
4078
7290
8885
8006
1984
12276
14188
8781
4174
13920
8468
4250
11590
8829
6659
489
14834
9253
8097
9842
15053
181
15146
1044
8460
825
14184
12245
6779
8512
1479
6016
12526
4247
5373
6927
3175
13015
13596
4308
1900
14103
401
9343
754
7539
14631
6620
6732
1978
684
7800
10351
1140
7766
15102
6009
14176
2693
2770
11513
4100
13896
1739
12814
13684
7183
10233
11144
13985
7188
15022
9357
10952
4340
6589
10449
4288
13576
10498
1851
8053
13896
4716
8245
2235
5273
12729
5280
4773
7298
6729
12709
10313
12352
4242
12130
15209
6968
15010
5610
10073
12457
13025
3153
15427
5733
15062
15104
2784
11713
10134
14201
2748
9482
7758
9149
13491
13898
975
5230
15222
14112
12547
13589
5045
10932
9816
1495
11850
3828
15166
14994
4662
3750
13104
5039
14125
13859
13444
12299
13580
2622
9134
10503
1444
646
14738
9312
10373
7985
15648
15346
961
2578
2577
154
10480
8840
14918
14521
441
6324
6076
3691
4523
7787
13873
5678
4675
9833
9670
15022
1966
5759
6839
2953
25
9062
4750
2087
10680
11506
453
13409
11656
7492
8743
15449
10984
909
8311
14181
10014
7497
9218
3330
2706
11172
6913
4409
3126
10632
2565
15944
15855
14967
8469
1993
15270
9891
12817
15198
11436
7577
10131
3257
8588
9012
12179
13833
2992
8123
15204
7575
190
11881
4817
8046
13429
15913
5911
5013
7338
9101
11483
3676
13678
14997
7261
5070
1241
8793
529
8005
9776
11975
1602
12556
6044
2677
6873
7240
904
129
1397
4692
3571
2518
12486
1739
14970
2933
15803
15479
12376
13977
13954
15042
275
2021
2609
5407
9675
10947
2681
12767
11843
6652
13104
14558
8712
9423
3304
7447
14971
13752
5416
13178
128
7977
15865
5345
8559
11590
5914
3769
13895
13899
15316
15338
6781
8147
6208
4767
2375
10066
5916
7911
13675
5249
11333
13876
1064
9597
4083
4338
1188
3513
2658
5104
3592
13366
3261
97
1264
15190
15098
1582
15534
9425
10364
6603
10522
1937
4191
14217
3599
13408
7366
3296
2095
10615
14586
8241
4753
8974
15596
12171
7181
144
13527
15726
7847
3352
12290
14795
8886
8504
4880
4125
8307
1051
12984
11881
2902
922
3272
10895
454
6799
13293
1477
7605
8323
11900
2271
12002
12771
15641
7844
2105
1103
7581
6255
1318
9169
2517
9070
14848
3284
4594
1872
1993
13219
9799
15489
13295
12114
884
10777
7282
3640
9726
10975
1271
12180
14192
9241
2991
3664
5074
1159
14527
9087
3667
2621
1364
15644
4099
646
13086
11774
4525
335
12524
10342
13805
3281
8935
8528
7324
1438
6054
1932
1106
15538
3620
1751
13402
8840
15256
3802
15444
13089
2320
10554
14064
14239
12666
202
14422
4613
6939
2234
13052
11824
5380
8812
10015
6915
6807
5691
7889
6824
2759
9284
4924
11411
5528
7866
9631
4944
9068
12826
8635
10043
14555
6234
8624
4775
5618
7890
10741
8686
12040
2447
5786
3220
2978
1020
1097
8118
13538
14165
9019
12012
7797
7932
2364
598
5107
10142
10284
7377
8834
13882
4511
2130
5387
13644
10910
10911
10722
6389
14826
474
15207
15241
6708
7735
4060
11371
9017
6950
1289
12053
8439
3980
4366
3755
4940
4128
603
14496
1208
1679
8482
15635
4550
1431
3953
9607
6342
9110
8972
1029
1599
14744
1334
2002
13317
677
3088
12296
678
14073
15640
1525
1296
370
855
15288
13141
15322
3279
6660
1834
2871
8854
2289
15491
254
253
4766
14330
10383
2249
9806
3774
8688
277
14188
5764
3222
13631
4273
9562
15013
15488
5325
6301
2252
7234
2742
11067
5060
6312
5700
12320
1222
11095
15599
12968
1409
11051
10098
4423
15055
7711
10396
12499
13188
9755
8848
7995
14171
15758
3840
5369
2430
4933
3294
15873
14896
15446
9015
13073
11043
5679
9526
12687
8011
14045
889
5157
4471
5756
7432
8443
3528
8180
3174
9996
82
2227
4135
8893
9724
3428
3610
7659
12377
9170
879
14273
8529
15795
711
2410
7061
9050
8414
13962
9297
15629
9064
4412
12042
12320
3964
12628
11049
2541
14227
6202
9428
15796
14825
15415
11240
3879
287
11491
4575
6378
5652
15752
11109
1337
1153
1861
258
678
2515
1320
3680
2247
2633
2908
8023
3125
10773
13773
14475
12122
6369
15409
8772
9090
7827
13738
13003
5021
10683
13066
2668
7614
7826
10685
13084
8275
3400
4388
4398
6291
7378
9222
12071
6165
1714
282
3872
8874
9334
15372
15039
11094
2158
4908
12412
8156
5704
14393
9991
14825
11731
7366
14497
12700
12770
11716
4162
343
15263
3767
1129
1980
15459
8558
11456
6907
10060
3270
8877
12483
2038
11754
13114
4855
2912
7623
12664
1352
2186
5411
13640
12714
12505
5794
4362
2117
13523
7899
14074
13201
12321
13234
1252
3089
9640
5783
661
12645
9068
13353
4417
6968
2702
8229
2981
423
7723
14758
11129
14235
9686
5462
7606
956
2231
9816
13288
12893
15313
2834
13341
14825
6934
8119
13982
13113
12745
2066
6116
1587
3797
2394
2229
9341
15092
13225
3593
12830
4475
433
5956
12453
14816
8994
3537
12049
14303
4602
11291
10495
70
8811
10039
9897
9263
494
4220
8577
13053
4423
11627
11371
8984
4278
10674
14496
15432
2430
13340
11505
12857
14328
15108
638
1903
15377
4834
8117
2304
4666
9642
4717
6941
12951
6566
4194
8279
5807
13811
7937
5815
8859
4133
8456
7057
2557
5001
1104
2922
14933
818
14673
3380
6323
7632
13290
12503
14040
6419
8300
8015
7504
1137
9577
8809
11347
8405
4984
4786
13528
14814
465
6773
3513
7477
1507
6154
14085
13616
5498
6255
13363
11590
11739
12393
7135
14919
13675
918
5613
14499
12141
13433
15240
356
7199
805
15200
4892
9409
433
9785
6771
7141
5669
7793
8173
14794
6138
663
344
7569
14130
4032
6956
1682
5098
8966
5971
4710
13712
11069
6332
6979
4790
12261
7935
11710
12826
12966
1980
12881
6728
4008
5963
1544
3766
3521
13166
1576
611
8677
6697
12652
5770
1074
10714
3446
14564
10134
6669
15859
5224
4863
5994
11342
8561
10864
10828
9130
14049
493
11006
5474
10058
11570
6685
10742
7360
14071
15603
1493
14929
8740
10136
9422
1437
10585
3930
6328
12748
15723
15037
14017
9088
12073
4143
10333
3489
4889
2574
13258
13449
15161
9456
4307
4700
8423
10507
12183
9299
11509
12594
13960
4221
11333
10344
11780
4946
2765
15702
4372
9503
10218
509
10408
9745
1542
9785
7023
12592
7365
7561
13570
4312
14024
1731
9943
13839
1743
11540
10587
6497
3739
10982
3553
11402
10444
7483
8744
14183
59
9924
2756
11600
14145
3189
11468
9960
7014
10040
13843
7186
12151
13294
7102
8751
11954
3910
14776
2585
8571
1704
6833
5449
13634
5107
5403
9189
11210
465
14344
3619
9296
54
12184
1741
718
13126
5744
6336
12282
13907
15971
6894
7571
2659
2346
14224
15772
520
15419
2986
6449
11989
2853
15748
14188
6569
10586
2117
13556
5216
9506
6826
5831
7880
15280
1574
8470
13572
2775
834
322
4031
2726
7666
10063
6188
11138
10048
10401
1300
13101
3044
66
13726
10520
15597
11647
13998
15511
4556
15839
12943
15948
10992
1684
10281
974
10710
1904
12251
11992
282
6437
4468
2958
9795
5811
14328
12551
11911
12996
5964
2050
15733
11895
15849
543
1331
4655
2817
11313
6724
6484
397
14069
15440
5683
1998
2892
13738
8125
12624
9602
3898
15397
8449
12436
1927
8393
5702
780
10396
3091
4970
9892
8011
12836
6161
15352
8928
11394
15007
9246
8702
7628
8142
8838
14138
3603
14398
13754
7240
1485
5153
5482
10799
6579
6147
5242
13086
8415
11378
5043
